

hand_1	    0.5611,    -0.8451,     3.1844, 

elbow_1	    0.5925,    -0.5617,     3.3012, 

shoulder_1	    0.5854,    -0.2183,     3.3349, 


hand_1	    0.5615,    -0.8453,     3.1856, 

elbow_1	    0.5927,    -0.5608,     3.2998, 

shoulder_1	    0.5864,    -0.2176,     3.3340, 


hand_1	    0.5622,    -0.8459,     3.1844, 

elbow_1	    0.5992,    -0.5630,     3.3008, 

shoulder_1	    0.5855,    -0.2189,     3.3353, 


hand_1	    0.5639,    -0.8433,     3.1846, 

elbow_1	    0.5929,    -0.5600,     3.3021, 

shoulder_1	    0.5852,    -0.2166,     3.3358, 


hand_1	    0.5626,    -0.8446,     3.1890, 

elbow_1	    0.5945,    -0.5602,     3.3033, 

shoulder_1	    0.5831,    -0.2145,     3.3330, 


hand_1	    0.5616,    -0.8442,     3.1892, 

elbow_1	    0.5940,    -0.5610,     3.3063, 

shoulder_1	    0.5811,    -0.2170,     3.3345, 


hand_1	    0.5616,    -0.8442,     3.1892, 

elbow_1	    0.5940,    -0.5610,     3.3063, 

shoulder_1	    0.5811,    -0.2170,     3.3345, 


hand_1	    0.5623,    -0.8404,     3.1915, 

elbow_1	    0.5924,    -0.5580,     3.3112, 

shoulder_1	    0.5821,    -0.2148,     3.3352, 


hand_1	    0.5623,    -0.8404,     3.1915, 

elbow_1	    0.5924,    -0.5580,     3.3112, 

shoulder_1	    0.5821,    -0.2148,     3.3352, 


hand_1	    0.5604,    -0.8417,     3.1930, 

elbow_1	    0.5962,    -0.5580,     3.3075, 

shoulder_1	    0.5821,    -0.2154,     3.3367, 


hand_1	    0.5611,    -0.8426,     3.1966, 

elbow_1	    0.5947,    -0.5566,     3.3062, 

shoulder_1	    0.5806,    -0.2185,     3.3359, 


hand_1	    0.5774,    -0.8398,     3.1793, 

elbow_1	    0.5938,    -0.5608,     3.3078, 

shoulder_1	    0.5778,    -0.2195,     3.3370, 


hand_1	    0.5774,    -0.8398,     3.1793, 

elbow_1	    0.5938,    -0.5608,     3.3078, 

shoulder_1	    0.5778,    -0.2195,     3.3370, 


hand_1	    0.5991,    -0.8387,     3.1922, 

elbow_1	    0.6006,    -0.5500,     3.2976, 

shoulder_1	    0.5777,    -0.2167,     3.3364, 


hand_1	    0.5924,    -0.8335,     3.1830, 

elbow_1	    0.6041,    -0.5475,     3.2955, 

shoulder_1	    0.5742,    -0.2174,     3.3338, 


hand_1	    0.5980,    -0.8341,     3.1774, 

elbow_1	    0.6075,    -0.5510,     3.2977, 

shoulder_1	    0.5738,    -0.2126,     3.3334, 


hand_1	    0.6043,    -0.8285,     3.1709, 

elbow_1	    0.6082,    -0.5471,     3.2958, 

shoulder_1	    0.5743,    -0.2098,     3.3339, 


hand_1	    0.6052,    -0.8287,     3.1835, 

elbow_1	    0.6083,    -0.5433,     3.2988, 

shoulder_1	    0.5752,    -0.2078,     3.3347, 


hand_1	    0.6106,    -0.8266,     3.1909, 

elbow_1	    0.6062,    -0.5416,     3.3044, 

shoulder_1	    0.5755,    -0.2081,     3.3331, 


hand_1	    0.6143,    -0.8169,     3.1845, 

elbow_1	    0.6033,    -0.5329,     3.3017, 

shoulder_1	    0.5751,    -0.2080,     3.3337, 


hand_1	    0.6174,    -0.8179,     3.1812, 

elbow_1	    0.6022,    -0.5345,     3.2998, 

shoulder_1	    0.5749,    -0.2071,     3.3316, 


hand_1	    0.6174,    -0.8179,     3.1812, 

elbow_1	    0.6022,    -0.5345,     3.2998, 

shoulder_1	    0.5749,    -0.2071,     3.3316, 


hand_1	    0.6287,    -0.8235,     3.1829, 

elbow_1	    0.6018,    -0.5394,     3.2992, 

shoulder_1	    0.5748,    -0.2045,     3.3295, 


hand_1	    0.6287,    -0.8235,     3.1829, 

elbow_1	    0.6018,    -0.5394,     3.2992, 

shoulder_1	    0.5748,    -0.2045,     3.3295, 


hand_1	    0.6380,    -0.8249,     3.1777, 

elbow_1	    0.6114,    -0.5407,     3.2931, 

shoulder_1	    0.5749,    -0.2049,     3.3276, 


hand_1	    0.6456,    -0.8257,     3.1793, 

elbow_1	    0.6143,    -0.5388,     3.2865, 

shoulder_1	    0.5744,    -0.2033,     3.3277, 


hand_1	    0.6584,    -0.8454,     3.1868, 

elbow_1	    0.6167,    -0.5534,     3.2847, 

shoulder_1	    0.5741,    -0.2009,     3.3272, 


hand_1	    0.6733,    -0.8330,     3.1844, 

elbow_1	    0.6175,    -0.5432,     3.2865, 

shoulder_1	    0.5756,    -0.2010,     3.3283, 


hand_1	    0.6871,    -0.8042,     3.1665, 

elbow_1	    0.6246,    -0.5271,     3.2980, 

shoulder_1	    0.5781,    -0.1990,     3.3304, 


hand_1	    0.6976,    -0.8081,     3.1671, 

elbow_1	    0.6273,    -0.5325,     3.3055, 

shoulder_1	    0.5781,    -0.2021,     3.3313, 


hand_1	    0.7054,    -0.7993,     3.1726, 

elbow_1	    0.6257,    -0.5288,     3.3117, 

shoulder_1	    0.5761,    -0.2049,     3.3314, 


hand_1	    0.7054,    -0.7993,     3.1726, 

elbow_1	    0.6257,    -0.5288,     3.3117, 

shoulder_1	    0.5761,    -0.2049,     3.3314, 


hand_1	    0.7044,    -0.7869,     3.1557, 

elbow_1	    0.6258,    -0.5289,     3.3139, 

shoulder_1	    0.5746,    -0.2039,     3.3326, 


hand_1	    0.7299,    -0.7723,     3.1491, 

elbow_1	    0.6321,    -0.5248,     3.3116, 

shoulder_1	    0.5754,    -0.2026,     3.3335, 


hand_1	    0.7409,    -0.7613,     3.1407, 

elbow_1	    0.6353,    -0.5226,     3.3113, 

shoulder_1	    0.5754,    -0.2064,     3.3332, 


hand_1	    0.7584,    -0.7475,     3.1326, 

elbow_1	    0.6363,    -0.5231,     3.3106, 

shoulder_1	    0.5724,    -0.2107,     3.3301, 


hand_1	    0.7714,    -0.7436,     3.1355, 

elbow_1	    0.6413,    -0.5220,     3.3122, 

shoulder_1	    0.5716,    -0.2123,     3.3312, 


hand_1	    0.7735,    -0.7377,     3.1372, 

elbow_1	    0.6432,    -0.5197,     3.3186, 

shoulder_1	    0.5715,    -0.2099,     3.3325, 


hand_1	    0.7907,    -0.7195,     3.1377, 

elbow_1	    0.6449,    -0.5165,     3.3248, 

shoulder_1	    0.5750,    -0.2076,     3.3356, 


hand_1	    0.7999,    -0.7338,     3.1681, 

elbow_1	    0.6476,    -0.5129,     3.3237, 

shoulder_1	    0.5758,    -0.2056,     3.3375, 


hand_1	    0.7906,    -0.7323,     3.1559, 

elbow_1	    0.6492,    -0.5118,     3.3234, 

shoulder_1	    0.5758,    -0.2060,     3.3383, 


hand_1	    0.7906,    -0.7323,     3.1559, 

elbow_1	    0.6492,    -0.5118,     3.3234, 

shoulder_1	    0.5758,    -0.2060,     3.3383, 


hand_1	    0.7886,    -0.7328,     3.1528, 

elbow_1	    0.6525,    -0.5121,     3.3257, 

shoulder_1	    0.5776,    -0.2043,     3.3363, 


hand_1	    0.8052,    -0.7316,     3.1717, 

elbow_1	    0.6536,    -0.5086,     3.3271, 

shoulder_1	    0.5775,    -0.2045,     3.3348, 


hand_1	    0.8118,    -0.7345,     3.1816, 

elbow_1	    0.6540,    -0.5089,     3.3277, 

shoulder_1	    0.5768,    -0.2032,     3.3362, 


hand_1	    0.8129,    -0.7423,     3.1938, 

elbow_1	    0.6532,    -0.5079,     3.3227, 

shoulder_1	    0.5780,    -0.2063,     3.3343, 


hand_1	    0.8097,    -0.7296,     3.1623, 

elbow_1	    0.6548,    -0.5121,     3.3202, 

shoulder_1	    0.5789,    -0.2083,     3.3318, 


hand_1	    0.8002,    -0.7030,     3.1528, 

elbow_1	    0.6509,    -0.5072,     3.3382, 

shoulder_1	    0.5804,    -0.2072,     3.3331, 


hand_1	    0.7928,    -0.6911,     3.1545, 

elbow_1	    0.6468,    -0.5097,     3.3564, 

shoulder_1	    0.5829,    -0.2088,     3.3369, 


hand_1	    0.7877,    -0.6828,     3.1517, 

elbow_1	    0.6591,    -0.5096,     3.3718, 

shoulder_1	    0.5771,    -0.2153,     3.3314, 


hand_1	    0.7877,    -0.6828,     3.1517, 

elbow_1	    0.6591,    -0.5096,     3.3718, 

shoulder_1	    0.5771,    -0.2153,     3.3314, 


hand_1	    0.7856,    -0.6795,     3.1530, 

elbow_1	    0.6583,    -0.5111,     3.3775, 

shoulder_1	    0.5753,    -0.2179,     3.3315, 


hand_1	    0.7870,    -0.6804,     3.1479, 

elbow_1	    0.6630,    -0.5103,     3.3730, 

shoulder_1	    0.5763,    -0.2175,     3.3312, 


hand_1	    0.7848,    -0.6761,     3.1498, 

elbow_1	    0.6649,    -0.5066,     3.3776, 

shoulder_1	    0.5760,    -0.2152,     3.3313, 


hand_1	    0.7835,    -0.6726,     3.1508, 

elbow_1	    0.6648,    -0.5017,     3.3782, 

shoulder_1	    0.5777,    -0.2097,     3.3316, 


hand_1	    0.7816,    -0.6720,     3.1580, 

elbow_1	    0.6602,    -0.5021,     3.3847, 

shoulder_1	    0.5786,    -0.2093,     3.3336, 


hand_1	    0.7838,    -0.6761,     3.1547, 

elbow_1	    0.6626,    -0.5037,     3.3795, 

shoulder_1	    0.5795,    -0.2105,     3.3338, 


hand_1	    0.7868,    -0.6800,     3.1481, 

elbow_1	    0.6674,    -0.5031,     3.3705, 

shoulder_1	    0.5845,    -0.2092,     3.3295, 


hand_1	    0.8180,    -0.7048,     3.1606, 

elbow_1	    0.6692,    -0.5106,     3.3487, 

shoulder_1	    0.5845,    -0.2092,     3.3295, 


hand_1	    0.8157,    -0.7163,     3.1658, 

elbow_1	    0.6673,    -0.5044,     3.3358, 

shoulder_1	    0.5815,    -0.2073,     3.3301, 


hand_1	    0.7980,    -0.6978,     3.1325, 

elbow_1	    0.6681,    -0.5001,     3.3311, 

shoulder_1	    0.5830,    -0.2088,     3.3314, 


hand_1	    0.7822,    -0.6868,     3.1064, 

elbow_1	    0.6705,    -0.5012,     3.3270, 

shoulder_1	    0.5851,    -0.2061,     3.3317, 


hand_1	    0.7712,    -0.6728,     3.0980, 

elbow_1	    0.6775,    -0.5039,     3.3381, 

shoulder_1	    0.5885,    -0.2088,     3.3338, 


hand_1	    0.7640,    -0.6598,     3.0929, 

elbow_1	    0.6797,    -0.5037,     3.3449, 

shoulder_1	    0.5920,    -0.2087,     3.3361, 


hand_1	    0.7670,    -0.6658,     3.0700, 

elbow_1	    0.6800,    -0.5124,     3.3258, 

shoulder_1	    0.5897,    -0.2078,     3.3338, 


hand_1	    0.7670,    -0.6658,     3.0700, 

elbow_1	    0.6800,    -0.5124,     3.3258, 

shoulder_1	    0.5897,    -0.2078,     3.3338, 


hand_1	    0.8461,    -0.6678,     3.1353, 

elbow_1	    0.6765,    -0.5012,     3.3315, 

shoulder_1	    0.5868,    -0.2064,     3.3373, 


hand_1	    0.8488,    -0.6737,     3.1495, 

elbow_1	    0.6679,    -0.5009,     3.3338, 

shoulder_1	    0.5855,    -0.2066,     3.3342, 


hand_1	    0.8023,    -0.6785,     3.1007, 

elbow_1	    0.6801,    -0.5051,     3.3258, 

shoulder_1	    0.5860,    -0.2057,     3.3337, 


hand_1	    0.8023,    -0.6785,     3.1007, 

elbow_1	    0.6801,    -0.5051,     3.3258, 

shoulder_1	    0.5860,    -0.2057,     3.3337, 


hand_1	    0.7930,    -0.6846,     3.0942, 

elbow_1	    0.6834,    -0.5059,     3.3233, 

shoulder_1	    0.5864,    -0.2063,     3.3353, 


hand_1	    0.8038,    -0.6932,     3.1071, 

elbow_1	    0.6850,    -0.5048,     3.3243, 

shoulder_1	    0.5870,    -0.2051,     3.3357, 


hand_1	    0.7846,    -0.6871,     3.0903, 

elbow_1	    0.6863,    -0.5049,     3.3220, 

shoulder_1	    0.5878,    -0.2039,     3.3351, 


hand_1	    0.7732,    -0.6797,     3.0795, 

elbow_1	    0.6839,    -0.5051,     3.3212, 

shoulder_1	    0.5879,    -0.2069,     3.3361, 


hand_1	    0.7732,    -0.6797,     3.0795, 

elbow_1	    0.6839,    -0.5051,     3.3212, 

shoulder_1	    0.5879,    -0.2069,     3.3361, 


hand_1	    0.7627,    -0.6706,     3.0663, 

elbow_1	    0.6876,    -0.5089,     3.3211, 

shoulder_1	    0.5881,    -0.2105,     3.3337, 


hand_1	    0.7583,    -0.6652,     3.0580, 

elbow_1	    0.6886,    -0.5102,     3.3192, 

shoulder_1	    0.5879,    -0.2082,     3.3311, 


hand_1	    0.7609,    -0.6697,     3.0587, 

elbow_1	    0.6903,    -0.5061,     3.3148, 

shoulder_1	    0.5883,    -0.2077,     3.3333, 


hand_1	    0.7609,    -0.6697,     3.0587, 

elbow_1	    0.6903,    -0.5061,     3.3148, 

shoulder_1	    0.5883,    -0.2077,     3.3333, 


hand_1	    0.8101,    -0.6872,     3.0993, 

elbow_1	    0.6906,    -0.5047,     3.3168, 

shoulder_1	    0.5884,    -0.2062,     3.3389, 


hand_1	    0.8189,    -0.6915,     3.1045, 

elbow_1	    0.6919,    -0.5021,     3.3147, 

shoulder_1	    0.5898,    -0.2081,     3.3386, 


hand_1	    0.8189,    -0.6915,     3.1045, 

elbow_1	    0.6919,    -0.5021,     3.3147, 

shoulder_1	    0.5898,    -0.2081,     3.3386, 


hand_1	    0.8259,    -0.6954,     3.1122, 

elbow_1	    0.6934,    -0.5016,     3.3170, 

shoulder_1	    0.5874,    -0.2071,     3.3397, 


hand_1	    0.8248,    -0.6981,     3.1181, 

elbow_1	    0.6897,    -0.5037,     3.3213, 

shoulder_1	    0.5876,    -0.2070,     3.3401, 


hand_1	    0.7964,    -0.6887,     3.0955, 

elbow_1	    0.6896,    -0.5086,     3.3236, 

shoulder_1	    0.5884,    -0.2076,     3.3423, 


hand_1	    0.7986,    -0.6853,     3.0915, 

elbow_1	    0.6873,    -0.5066,     3.3205, 

shoulder_1	    0.5890,    -0.2073,     3.3402, 


hand_1	    0.7858,    -0.6765,     3.0820, 

elbow_1	    0.6833,    -0.5108,     3.3206, 

shoulder_1	    0.5891,    -0.2100,     3.3387, 


hand_1	    0.8238,    -0.6944,     3.1293, 

elbow_1	    0.6799,    -0.5060,     3.3225, 

shoulder_1	    0.5858,    -0.2116,     3.3377, 


hand_1	    0.8238,    -0.6944,     3.1293, 

elbow_1	    0.6799,    -0.5060,     3.3225, 

shoulder_1	    0.5858,    -0.2116,     3.3377, 


hand_1	    0.8526,    -0.7084,     3.1606, 

elbow_1	    0.6829,    -0.5041,     3.3191, 

shoulder_1	    0.5820,    -0.2090,     3.3371, 


hand_1	    0.8556,    -0.7087,     3.1602, 

elbow_1	    0.6833,    -0.5033,     3.3191, 

shoulder_1	    0.5803,    -0.2075,     3.3369, 


hand_1	    0.7867,    -0.6805,     3.0908, 

elbow_1	    0.6816,    -0.5091,     3.3191, 

shoulder_1	    0.5777,    -0.2094,     3.3314, 


hand_1	    0.7368,    -0.6037,     3.2019, 

elbow_1	    0.6153,    -0.4245,     3.4166, 

shoulder_1	    0.5758,    -0.2133,     3.3374, 


hand_1	    0.7368,    -0.6037,     3.2019, 

elbow_1	    0.6153,    -0.4245,     3.4166, 

shoulder_1	    0.5758,    -0.2133,     3.3374, 


hand_1	    0.7462,    -0.6256,     3.1799, 

elbow_1	    0.6266,    -0.4419,     3.3942, 

shoulder_1	    0.5765,    -0.2108,     3.3373, 


hand_1	    0.7462,    -0.6256,     3.1799, 

elbow_1	    0.6266,    -0.4419,     3.3942, 

shoulder_1	    0.5765,    -0.2108,     3.3373, 


hand_1	    0.7689,    -0.6604,     3.1718, 

elbow_1	    0.6406,    -0.4633,     3.3681, 

shoulder_1	    0.5760,    -0.2118,     3.3351, 


hand_1	    0.7889,    -0.6825,     3.1786, 

elbow_1	    0.6470,    -0.4743,     3.3521, 

shoulder_1	    0.5761,    -0.2086,     3.3362, 


hand_1	    0.7976,    -0.6909,     3.1726, 

elbow_1	    0.6498,    -0.4796,     3.3392, 

shoulder_1	    0.5766,    -0.2070,     3.3358, 


hand_1	    0.7976,    -0.6909,     3.1726, 

elbow_1	    0.6498,    -0.4796,     3.3392, 

shoulder_1	    0.5766,    -0.2070,     3.3358, 


hand_1	    0.8009,    -0.6945,     3.1668, 

elbow_1	    0.6495,    -0.4864,     3.3352, 

shoulder_1	    0.5777,    -0.2086,     3.3369, 


hand_1	    0.8022,    -0.6929,     3.1581, 

elbow_1	    0.6494,    -0.4927,     3.3348, 

shoulder_1	    0.5750,    -0.2074,     3.3339, 


hand_1	    0.8049,    -0.7059,     3.1793, 

elbow_1	    0.6478,    -0.4933,     3.3354, 

shoulder_1	    0.5739,    -0.2092,     3.3332, 


hand_1	    0.8049,    -0.7059,     3.1793, 

elbow_1	    0.6478,    -0.4933,     3.3354, 

shoulder_1	    0.5739,    -0.2092,     3.3332, 


hand_1	    0.8049,    -0.7059,     3.1793, 

elbow_1	    0.6478,    -0.4933,     3.3354, 

shoulder_1	    0.5739,    -0.2092,     3.3332, 


hand_1	    0.8049,    -0.7059,     3.1793, 

elbow_1	    0.6478,    -0.4933,     3.3354, 

shoulder_1	    0.5739,    -0.2092,     3.3332, 


hand_1	    0.8049,    -0.7059,     3.1793, 

elbow_1	    0.6478,    -0.4933,     3.3354, 

shoulder_1	    0.5739,    -0.2092,     3.3332, 


hand_1	    0.7848,    -0.7157,     3.1688, 

elbow_1	    0.6475,    -0.4959,     3.3328, 

shoulder_1	    0.5736,    -0.2134,     3.3333, 


hand_1	    0.7647,    -0.7193,     3.1530, 

elbow_1	    0.6490,    -0.5004,     3.3334, 

shoulder_1	    0.5728,    -0.2127,     3.3352, 


hand_1	    0.7602,    -0.7217,     3.1534, 

elbow_1	    0.6449,    -0.5017,     3.3343, 

shoulder_1	    0.5733,    -0.2138,     3.3364, 


hand_1	    0.7567,    -0.7189,     3.1395, 

elbow_1	    0.6403,    -0.5059,     3.3282, 

shoulder_1	    0.5738,    -0.2102,     3.3350, 


hand_1	    0.7309,    -0.7282,     3.1365, 

elbow_1	    0.6378,    -0.5070,     3.3278, 

shoulder_1	    0.5725,    -0.2095,     3.3370, 


hand_1	    0.7273,    -0.7540,     3.1658, 

elbow_1	    0.6331,    -0.5104,     3.3260, 

shoulder_1	    0.5691,    -0.2124,     3.3335, 


hand_1	    0.7174,    -0.7481,     3.1719, 

elbow_1	    0.6300,    -0.5027,     3.3250, 

shoulder_1	    0.5683,    -0.2133,     3.3326, 


hand_1	    0.7097,    -0.7555,     3.1551, 

elbow_1	    0.6280,    -0.5134,     3.3220, 

shoulder_1	    0.5684,    -0.2128,     3.3326, 


hand_1	    0.7097,    -0.7555,     3.1551, 

elbow_1	    0.6280,    -0.5134,     3.3220, 

shoulder_1	    0.5684,    -0.2128,     3.3326, 


hand_1	    0.7087,    -0.7655,     3.1646, 

elbow_1	    0.6281,    -0.5129,     3.3188, 

shoulder_1	    0.5691,    -0.2091,     3.3341, 


hand_1	    0.6972,    -0.7772,     3.1732, 

elbow_1	    0.6283,    -0.5158,     3.3197, 

shoulder_1	    0.5706,    -0.2107,     3.3374, 


hand_1	    0.7011,    -0.7972,     3.1711, 

elbow_1	    0.6261,    -0.5319,     3.3143, 

shoulder_1	    0.5709,    -0.2069,     3.3368, 


hand_1	    0.6850,    -0.8129,     3.1755, 

elbow_1	    0.6208,    -0.5418,     3.3108, 

shoulder_1	    0.5703,    -0.2088,     3.3374, 


hand_1	    0.6860,    -0.8142,     3.1778, 

elbow_1	    0.6212,    -0.5412,     3.3072, 

shoulder_1	    0.5695,    -0.2118,     3.3355, 


hand_1	    0.6920,    -0.8213,     3.1779, 

elbow_1	    0.6201,    -0.5466,     3.2966, 

shoulder_1	    0.5699,    -0.2110,     3.3348, 


hand_1	    0.6920,    -0.8213,     3.1779, 

elbow_1	    0.6201,    -0.5466,     3.2966, 

shoulder_1	    0.5699,    -0.2110,     3.3348, 


hand_1	    0.6839,    -0.8253,     3.1799, 

elbow_1	    0.6175,    -0.5471,     3.2939, 

shoulder_1	    0.5694,    -0.2097,     3.3369, 


hand_1	    0.6788,    -0.8128,     3.1912, 

elbow_1	    0.6133,    -0.5406,     3.3100, 

shoulder_1	    0.5695,    -0.2111,     3.3386, 


hand_1	    0.6723,    -0.8149,     3.1780, 

elbow_1	    0.6106,    -0.5463,     3.3015, 

shoulder_1	    0.5685,    -0.2139,     3.3358, 


hand_1	    0.6690,    -0.8236,     3.1816, 

elbow_1	    0.6164,    -0.5528,     3.3006, 

shoulder_1	    0.5694,    -0.2059,     3.3372, 


hand_1	    0.6616,    -0.8291,     3.1895, 

elbow_1	    0.6172,    -0.5524,     3.2958, 

shoulder_1	    0.5695,    -0.2061,     3.3380, 


hand_1	    0.6616,    -0.8291,     3.1895, 

elbow_1	    0.6172,    -0.5524,     3.2958, 

shoulder_1	    0.5695,    -0.2061,     3.3380, 


hand_1	    0.6591,    -0.8243,     3.1787, 

elbow_1	    0.6171,    -0.5522,     3.2939, 

shoulder_1	    0.5693,    -0.2017,     3.3358, 


hand_1	    0.6575,    -0.8210,     3.1729, 

elbow_1	    0.6175,    -0.5526,     3.3014, 

shoulder_1	    0.5700,    -0.2008,     3.3356, 


hand_1	    0.6544,    -0.8182,     3.1616, 

elbow_1	    0.6213,    -0.5478,     3.2982, 

shoulder_1	    0.5704,    -0.2037,     3.3373, 


hand_1	    0.6530,    -0.8171,     3.1559, 

elbow_1	    0.6197,    -0.5504,     3.2941, 

shoulder_1	    0.5695,    -0.2047,     3.3275, 


hand_1	    0.6548,    -0.8191,     3.1632, 

elbow_1	    0.6118,    -0.5517,     3.3001, 

shoulder_1	    0.5679,    -0.2037,     3.3281, 


hand_1	    0.6437,    -0.8245,     3.1741, 

elbow_1	    0.6065,    -0.5527,     3.3048, 

shoulder_1	    0.5671,    -0.2032,     3.3335, 


hand_1	    0.6311,    -0.8196,     3.1772, 

elbow_1	    0.6086,    -0.5447,     3.3090, 

shoulder_1	    0.5649,    -0.2068,     3.3332, 


hand_1	    0.6275,    -0.8238,     3.1805, 

elbow_1	    0.6098,    -0.5452,     3.3078, 

shoulder_1	    0.5634,    -0.2069,     3.3308, 


hand_1	    0.6267,    -0.8284,     3.1839, 

elbow_1	    0.6064,    -0.5486,     3.3064, 

shoulder_1	    0.5629,    -0.2079,     3.3307, 


hand_1	    0.6270,    -0.8307,     3.1944, 

elbow_1	    0.6102,    -0.5433,     3.3062, 

shoulder_1	    0.5626,    -0.2068,     3.3284, 


hand_1	    0.6250,    -0.8240,     3.1894, 

elbow_1	    0.6100,    -0.5384,     3.3100, 

shoulder_1	    0.5604,    -0.2090,     3.3276, 


hand_1	    0.6252,    -0.8255,     3.1962, 

elbow_1	    0.6135,    -0.5342,     3.3095, 

shoulder_1	    0.5600,    -0.2074,     3.3208, 


hand_1	    0.6241,    -0.8260,     3.1919, 

elbow_1	    0.6088,    -0.5366,     3.3112, 

shoulder_1	    0.5620,    -0.2102,     3.3249, 


hand_1	    0.6260,    -0.8312,     3.1921, 

elbow_1	    0.6093,    -0.5398,     3.3071, 

shoulder_1	    0.5637,    -0.2119,     3.3270, 


hand_1	    0.6269,    -0.8334,     3.1994, 

elbow_1	    0.6072,    -0.5414,     3.3090, 

shoulder_1	    0.5645,    -0.2116,     3.3222, 


hand_1	    0.6269,    -0.8334,     3.1994, 

elbow_1	    0.6072,    -0.5414,     3.3090, 

shoulder_1	    0.5645,    -0.2116,     3.3222, 


hand_1	    0.6288,    -0.8333,     3.1987, 

elbow_1	    0.6094,    -0.5427,     3.3104, 

shoulder_1	    0.5527,    -0.2158,     3.3260, 


hand_1	    0.6318,    -0.8334,     3.1897, 

elbow_1	    0.6092,    -0.5444,     3.3041, 

shoulder_1	    0.5613,    -0.2106,     3.3274, 


hand_1	    0.6337,    -0.8277,     3.1859, 

elbow_1	    0.6071,    -0.5437,     3.3105, 

shoulder_1	    0.5640,    -0.2079,     3.3251, 


hand_1	    0.6352,    -0.8235,     3.1803, 

elbow_1	    0.6040,    -0.5409,     3.3048, 

shoulder_1	    0.5660,    -0.2056,     3.3268, 


hand_1	    0.6381,    -0.8117,     3.1681, 

elbow_1	    0.6128,    -0.5365,     3.2982, 

shoulder_1	    0.5680,    -0.2053,     3.3270, 


hand_1	    0.6439,    -0.8121,     3.1555, 

elbow_1	    0.6139,    -0.5382,     3.2856, 

shoulder_1	    0.5688,    -0.1999,     3.3267, 


hand_1	    0.6441,    -0.8190,     3.1592, 

elbow_1	    0.6170,    -0.5391,     3.2843, 

shoulder_1	    0.5674,    -0.1983,     3.3269, 


hand_1	    0.6441,    -0.8190,     3.1592, 

elbow_1	    0.6170,    -0.5391,     3.2843, 

shoulder_1	    0.5674,    -0.1983,     3.3269, 


hand_1	    0.6491,    -0.8186,     3.1558, 

elbow_1	    0.6200,    -0.5396,     3.2881, 

shoulder_1	    0.5685,    -0.1991,     3.3286, 


hand_1	    0.6509,    -0.8172,     3.1516, 

elbow_1	    0.6180,    -0.5443,     3.2951, 

shoulder_1	    0.5698,    -0.2027,     3.3301, 


hand_1	    0.6480,    -0.8182,     3.1518, 

elbow_1	    0.6180,    -0.5476,     3.2965, 

shoulder_1	    0.5703,    -0.2038,     3.3324, 


hand_1	    0.6454,    -0.8195,     3.1540, 

elbow_1	    0.6157,    -0.5474,     3.2921, 

shoulder_1	    0.5720,    -0.2047,     3.3336, 


hand_1	    0.6458,    -0.8213,     3.1582, 

elbow_1	    0.6129,    -0.5487,     3.2841, 

shoulder_1	    0.5734,    -0.2065,     3.3312, 


hand_1	    0.6458,    -0.8213,     3.1582, 

elbow_1	    0.6129,    -0.5487,     3.2841, 

shoulder_1	    0.5734,    -0.2065,     3.3312, 


hand_1	    0.6468,    -0.8239,     3.1664, 

elbow_1	    0.6114,    -0.5494,     3.2815, 

shoulder_1	    0.5749,    -0.2015,     3.3320, 


hand_1	    0.6464,    -0.8190,     3.1632, 

elbow_1	    0.6134,    -0.5398,     3.2788, 

shoulder_1	    0.5766,    -0.2012,     3.3328, 


hand_1	    0.6503,    -0.8162,     3.1590, 

elbow_1	    0.6152,    -0.5369,     3.2764, 

shoulder_1	    0.5747,    -0.1970,     3.3333, 


hand_1	    0.6539,    -0.8174,     3.1656, 

elbow_1	    0.6136,    -0.5340,     3.2707, 

shoulder_1	    0.5780,    -0.1917,     3.3335, 


hand_1	    0.6567,    -0.8193,     3.1738, 

elbow_1	    0.6158,    -0.5305,     3.2718, 

shoulder_1	    0.5776,    -0.1908,     3.3341, 


hand_1	    0.6605,    -0.8204,     3.1709, 

elbow_1	    0.6149,    -0.5352,     3.2769, 

shoulder_1	    0.5757,    -0.1947,     3.3319, 


hand_1	    0.6561,    -0.8158,     3.1570, 

elbow_1	    0.6145,    -0.5366,     3.2730, 

shoulder_1	    0.5786,    -0.1937,     3.3348, 


hand_1	    0.6535,    -0.8124,     3.1473, 

elbow_1	    0.6149,    -0.5317,     3.2657, 

shoulder_1	    0.5800,    -0.1941,     3.3354, 


hand_1	    0.6535,    -0.8124,     3.1473, 

elbow_1	    0.6149,    -0.5317,     3.2657, 

shoulder_1	    0.5800,    -0.1941,     3.3354, 


hand_1	    0.6517,    -0.8105,     3.1407, 

elbow_1	    0.6149,    -0.5333,     3.2579, 

shoulder_1	    0.5803,    -0.1958,     3.3359, 


hand_1	    0.6496,    -0.8151,     3.1429, 

elbow_1	    0.6240,    -0.5357,     3.2638, 

shoulder_1	    0.5760,    -0.1986,     3.3328, 


hand_1	    0.6505,    -0.8143,     3.1417, 

elbow_1	    0.6195,    -0.5364,     3.2544, 

shoulder_1	    0.5766,    -0.1989,     3.3323, 


hand_1	    0.6517,    -0.8140,     3.1438, 

elbow_1	    0.6267,    -0.5287,     3.2447, 

shoulder_1	    0.5767,    -0.1994,     3.3342, 


hand_1	    0.6553,    -0.8147,     3.1432, 

elbow_1	    0.6334,    -0.5408,     3.2558, 

shoulder_1	    0.5766,    -0.1997,     3.3357, 


hand_1	    0.6554,    -0.8159,     3.1484, 

elbow_1	    0.6273,    -0.5374,     3.2654, 

shoulder_1	    0.5770,    -0.1979,     3.3253, 


hand_1	    0.6567,    -0.8176,     3.1569, 

elbow_1	    0.6221,    -0.5352,     3.2677, 

shoulder_1	    0.5807,    -0.1929,     3.3277, 


hand_1	    0.6548,    -0.8170,     3.1779, 

elbow_1	    0.6196,    -0.5278,     3.2771, 

shoulder_1	    0.5793,    -0.1937,     3.3296, 


hand_1	    0.6548,    -0.8170,     3.1779, 

elbow_1	    0.6196,    -0.5278,     3.2771, 

shoulder_1	    0.5793,    -0.1937,     3.3296, 


hand_1	    0.6516,    -0.8209,     3.1871, 

elbow_1	    0.6176,    -0.5279,     3.2766, 

shoulder_1	    0.5800,    -0.1938,     3.3286, 


hand_1	    0.6502,    -0.8170,     3.1769, 

elbow_1	    0.6173,    -0.5283,     3.2799, 

shoulder_1	    0.5802,    -0.1937,     3.3272, 


hand_1	    0.6524,    -0.8171,     3.1676, 

elbow_1	    0.6176,    -0.5327,     3.2790, 

shoulder_1	    0.5802,    -0.1932,     3.3248, 


hand_1	    0.6551,    -0.8184,     3.1675, 

elbow_1	    0.6189,    -0.5358,     3.2835, 

shoulder_1	    0.5793,    -0.1956,     3.3165, 


hand_1	    0.6573,    -0.8213,     3.1744, 

elbow_1	    0.6180,    -0.5354,     3.2816, 

shoulder_1	    0.5793,    -0.1966,     3.3188, 


hand_1	    0.6630,    -0.8179,     3.1719, 

elbow_1	    0.6180,    -0.5342,     3.2788, 

shoulder_1	    0.5798,    -0.1982,     3.3207, 


hand_1	    0.6639,    -0.8134,     3.1608, 

elbow_1	    0.6170,    -0.5366,     3.2779, 

shoulder_1	    0.5809,    -0.1979,     3.3207, 


hand_1	    0.6648,    -0.8072,     3.1478, 

elbow_1	    0.6165,    -0.5313,     3.2710, 

shoulder_1	    0.5799,    -0.1938,     3.3153, 


hand_1	    0.6680,    -0.8032,     3.1370, 

elbow_1	    0.6167,    -0.5297,     3.2665, 

shoulder_1	    0.5796,    -0.1909,     3.3151, 


hand_1	    0.6699,    -0.8042,     3.1270, 

elbow_1	    0.6162,    -0.5282,     3.2589, 

shoulder_1	    0.5788,    -0.1930,     3.3138, 


hand_1	    0.6718,    -0.8130,     3.1568, 

elbow_1	    0.6151,    -0.5266,     3.2589, 

shoulder_1	    0.5792,    -0.1904,     3.3116, 


hand_1	    0.6718,    -0.8130,     3.1568, 

elbow_1	    0.6151,    -0.5266,     3.2589, 

shoulder_1	    0.5792,    -0.1904,     3.3116, 


hand_1	    0.6630,    -0.8179,     3.1670, 

elbow_1	    0.6185,    -0.5264,     3.2624, 

shoulder_1	    0.5787,    -0.1911,     3.3069, 


hand_1	    0.6617,    -0.8231,     3.1752, 

elbow_1	    0.6168,    -0.5287,     3.2637, 

shoulder_1	    0.5789,    -0.1943,     3.2990, 


hand_1	    0.6577,    -0.8216,     3.1630, 

elbow_1	    0.6164,    -0.5293,     3.2639, 

shoulder_1	    0.5767,    -0.1963,     3.2972, 


hand_1	    0.6543,    -0.8173,     3.1634, 

elbow_1	    0.6176,    -0.5251,     3.2683, 

shoulder_1	    0.5805,    -0.1931,     3.3045, 


hand_1	    0.6540,    -0.8151,     3.1576, 

elbow_1	    0.6168,    -0.5235,     3.2657, 

shoulder_1	    0.5810,    -0.1917,     3.3006, 


hand_1	    0.6553,    -0.8152,     3.1659, 

elbow_1	    0.6176,    -0.5238,     3.2595, 

shoulder_1	    0.5834,    -0.1895,     3.2970, 


hand_1	    0.6546,    -0.8148,     3.1614, 

elbow_1	    0.6188,    -0.5199,     3.2488, 

shoulder_1	    0.5829,    -0.1938,     3.2966, 


hand_1	    0.6546,    -0.8148,     3.1614, 

elbow_1	    0.6188,    -0.5199,     3.2488, 

shoulder_1	    0.5829,    -0.1938,     3.2966, 


hand_1	    0.6502,    -0.8064,     3.1564, 

elbow_1	    0.6182,    -0.5121,     3.2494, 

shoulder_1	    0.5816,    -0.1932,     3.2953, 


hand_1	    0.6468,    -0.7973,     3.1498, 

elbow_1	    0.6199,    -0.5040,     3.2481, 

shoulder_1	    0.5819,    -0.1944,     3.2926, 


hand_1	    0.6418,    -0.7980,     3.1449, 

elbow_1	    0.6206,    -0.5035,     3.2418, 

shoulder_1	    0.5816,    -0.1923,     3.2845, 


hand_1	    0.6382,    -0.7986,     3.1435, 

elbow_1	    0.6196,    -0.5034,     3.2391, 

shoulder_1	    0.5800,    -0.1952,     3.2778, 


hand_1	    0.6374,    -0.8079,     3.1380, 

elbow_1	    0.6193,    -0.5097,     3.2315, 

shoulder_1	    0.5803,    -0.1970,     3.2731, 


hand_1	    0.6388,    -0.8113,     3.1460, 

elbow_1	    0.6195,    -0.5091,     3.2289, 

shoulder_1	    0.5829,    -0.1951,     3.2736, 


hand_1	    0.6336,    -0.7941,     3.1363, 

elbow_1	    0.6199,    -0.5004,     3.2464, 

shoulder_1	    0.5862,    -0.1914,     3.2653, 


hand_1	    0.6378,    -0.7912,     3.1387, 

elbow_1	    0.6192,    -0.4969,     3.2484, 

shoulder_1	    0.5887,    -0.1910,     3.2596, 


hand_1	    0.6422,    -0.7970,     3.1516, 

elbow_1	    0.6190,    -0.4984,     3.2477, 

shoulder_1	    0.5926,    -0.1862,     3.2543, 


hand_1	    0.6467,    -0.7936,     3.1526, 

elbow_1	    0.6270,    -0.4919,     3.2402, 

shoulder_1	    0.5956,    -0.1840,     3.2473, 


hand_1	    0.6472,    -0.7868,     3.1428, 

elbow_1	    0.6275,    -0.4850,     3.2312, 

shoulder_1	    0.5991,    -0.1852,     3.2429, 


hand_1	    0.6489,    -0.7926,     3.1177, 

elbow_1	    0.6368,    -0.4945,     3.2106, 

shoulder_1	    0.6006,    -0.1821,     3.2303, 


hand_1	    0.6489,    -0.7926,     3.1177, 

elbow_1	    0.6368,    -0.4945,     3.2106, 

shoulder_1	    0.6006,    -0.1821,     3.2303, 


hand_1	    0.6498,    -0.7989,     3.1048, 

elbow_1	    0.6434,    -0.5047,     3.2053, 

shoulder_1	    0.6017,    -0.1807,     3.2168, 


hand_1	    0.6512,    -0.8033,     3.0983, 

elbow_1	    0.6436,    -0.5087,     3.1951, 

shoulder_1	    0.6045,    -0.1823,     3.2013, 


hand_1	    0.6674,    -0.8011,     3.0839, 

elbow_1	    0.6496,    -0.5087,     3.1842, 

shoulder_1	    0.6108,    -0.1848,     3.1786, 


hand_1	    0.6674,    -0.8011,     3.0839, 

elbow_1	    0.6496,    -0.5087,     3.1842, 

shoulder_1	    0.6150,    -0.1877,     3.1666, 


hand_1	    0.6728,    -0.8063,     3.0492, 

elbow_1	    0.6521,    -0.5164,     3.1556, 

shoulder_1	    0.6181,    -0.1839,     3.1529, 


hand_1	    0.6806,    -0.8047,     3.0386, 

elbow_1	    0.6612,    -0.5073,     3.1205, 

shoulder_1	    0.6259,    -0.1797,     3.1187, 


hand_1	    0.6798,    -0.8024,     3.0280, 

elbow_1	    0.6652,    -0.5028,     3.1036, 

shoulder_1	    0.6318,    -0.1767,     3.1022, 


hand_1	    0.6758,    -0.8003,     3.0121, 

elbow_1	    0.6733,    -0.5013,     3.0913, 

shoulder_1	    0.6397,    -0.1697,     3.0921, 


hand_1	    0.6697,    -0.7847,     2.9819, 

elbow_1	    0.6818,    -0.4883,     3.0686, 

shoulder_1	    0.6468,    -0.1625,     3.0809, 


hand_1	    0.6697,    -0.7847,     2.9819, 

elbow_1	    0.6818,    -0.4883,     3.0686, 

shoulder_1	    0.6468,    -0.1625,     3.0809, 


hand_1	    0.6623,    -0.7581,     2.9675, 

elbow_1	    0.6911,    -0.4605,     3.0422, 

shoulder_1	    0.6532,    -0.1556,     3.0673, 


hand_1	    0.6603,    -0.7524,     2.9598, 

elbow_1	    0.7027,    -0.4563,     3.0340, 

shoulder_1	    0.6593,    -0.1518,     3.0544, 


hand_1	    0.6589,    -0.7484,     2.9554, 

elbow_1	    0.7111,    -0.4526,     3.0246, 

shoulder_1	    0.6624,    -0.1485,     3.0361, 


hand_1	    0.6588,    -0.7472,     2.9535, 

elbow_1	    0.7204,    -0.4519,     3.0169, 

shoulder_1	    0.6652,    -0.1488,     3.0243, 


hand_1	    0.6581,    -0.7471,     2.9527, 

elbow_1	    0.7311,    -0.4516,     3.0011, 

shoulder_1	    0.6669,    -0.1503,     3.0088, 


hand_1	    0.6581,    -0.7476,     2.9525, 

elbow_1	    0.7429,    -0.4529,     2.9840, 

shoulder_1	    0.6690,    -0.1539,     2.9943, 


hand_1	    0.6554,    -0.7412,     2.9526, 

elbow_1	    0.7484,    -0.4483,     2.9755, 

shoulder_1	    0.6783,    -0.1448,     2.9793, 


hand_1	    0.6569,    -0.7378,     2.9533, 

elbow_1	    0.7496,    -0.4439,     2.9579, 

shoulder_1	    0.6783,    -0.1448,     2.9793, 


hand_1	    0.6591,    -0.7309,     2.9534, 

elbow_1	    0.7575,    -0.4389,     2.9495, 

shoulder_1	    0.6819,    -0.1412,     2.9754, 


hand_1	    0.6613,    -0.7200,     2.9535, 

elbow_1	    0.7675,    -0.4309,     2.9420, 

shoulder_1	    0.6855,    -0.1354,     2.9729, 


hand_1	    0.6647,    -0.7132,     2.9522, 

elbow_1	    0.7757,    -0.4257,     2.9466, 

shoulder_1	    0.6922,    -0.1299,     2.9688, 


hand_1	    0.6680,    -0.7060,     2.9521, 

elbow_1	    0.7824,    -0.4205,     2.9327, 

shoulder_1	    0.6946,    -0.1265,     2.9617, 


hand_1	    0.6705,    -0.6947,     2.9510, 

elbow_1	    0.7929,    -0.4126,     2.9299, 

shoulder_1	    0.6950,    -0.1214,     2.9546, 


hand_1	    0.6732,    -0.6931,     2.9501, 

elbow_1	    0.7940,    -0.4107,     2.9251, 

shoulder_1	    0.6963,    -0.1191,     2.9464, 


hand_1	    0.6732,    -0.6931,     2.9501, 

elbow_1	    0.7940,    -0.4107,     2.9251, 

shoulder_1	    0.6963,    -0.1191,     2.9464, 


hand_1	    0.6758,    -0.6896,     2.9495, 

elbow_1	    0.7995,    -0.4107,     2.9056, 

shoulder_1	    0.6996,    -0.1202,     2.9297, 


hand_1	    0.6784,    -0.6810,     2.9476, 

elbow_1	    0.8104,    -0.4058,     2.9054, 

shoulder_1	    0.7028,    -0.1174,     2.9212, 


hand_1	    0.6812,    -0.6723,     2.9464, 

elbow_1	    0.8169,    -0.3999,     2.8973, 

shoulder_1	    0.7073,    -0.1123,     2.9134, 


hand_1	    0.6812,    -0.6723,     2.9464, 

elbow_1	    0.8169,    -0.3999,     2.8973, 

shoulder_1	    0.7073,    -0.1123,     2.9134, 


hand_1	    0.6896,    -0.6663,     2.9435, 

elbow_1	    0.8257,    -0.3981,     2.8759, 

shoulder_1	    0.7180,    -0.1106,     2.9027, 


hand_1	    0.6928,    -0.6565,     2.9414, 

elbow_1	    0.8359,    -0.3945,     2.8646, 

shoulder_1	    0.7240,    -0.1086,     2.8923, 


hand_1	    0.6969,    -0.6528,     2.9398, 

elbow_1	    0.8396,    -0.3950,     2.8493, 

shoulder_1	    0.7302,    -0.1086,     2.8810, 


hand_1	    0.7022,    -0.6466,     2.9364, 

elbow_1	    0.8487,    -0.3955,     2.8341, 

shoulder_1	    0.7369,    -0.1103,     2.8681, 


hand_1	    0.7168,    -0.6297,     2.9253, 

elbow_1	    0.8723,    -0.3977,     2.7949, 

shoulder_1	    0.7538,    -0.1171,     2.8419, 


hand_1	    0.7168,    -0.6297,     2.9253, 

elbow_1	    0.8723,    -0.3977,     2.7949, 

shoulder_1	    0.7538,    -0.1171,     2.8419, 


hand_1	    0.7198,    -0.6210,     2.9222, 

elbow_1	    0.8824,    -0.3985,     2.7841, 

shoulder_1	    0.7625,    -0.1187,     2.8323, 


hand_1	    0.7252,    -0.6178,     2.9184, 

elbow_1	    0.8899,    -0.4029,     2.7711, 

shoulder_1	    0.7759,    -0.1212,     2.8224, 


hand_1	    0.7327,    -0.6108,     2.9122, 

elbow_1	    0.8984,    -0.4065,     2.7518, 

shoulder_1	    0.7928,    -0.1231,     2.8114, 


hand_1	    0.7397,    -0.6000,     2.9051, 

elbow_1	    0.9127,    -0.4064,     2.7390, 

shoulder_1	    0.8074,    -0.1231,     2.7993, 


hand_1	    0.7467,    -0.5936,     2.8990, 

elbow_1	    0.9224,    -0.4088,     2.7259, 

shoulder_1	    0.8209,    -0.1255,     2.7926, 


hand_1	    0.7768,    -0.5632,     2.8715, 

elbow_1	    0.9643,    -0.3948,     2.6941, 

shoulder_1	    0.8567,    -0.1174,     2.7745, 


hand_1	    0.7961,    -0.5475,     2.8541, 

elbow_1	    0.9843,    -0.3846,     2.6724, 

shoulder_1	    0.8779,    -0.1112,     2.7668, 


hand_1	    0.8002,    -0.5697,     2.8476, 

elbow_1	    1.0030,    -0.3919,     2.6985, 

shoulder_1	    0.8921,    -0.1104,     2.7570, 


hand_1	    0.8002,    -0.5697,     2.8476, 

elbow_1	    1.0030,    -0.3919,     2.6985, 

shoulder_1	    0.8921,    -0.1104,     2.7570, 


hand_1	    0.8460,    -0.4763,     2.7977, 

elbow_1	    0.9925,    -0.3180,     2.6940, 

shoulder_1	    0.9047,    -0.1106,     2.7473, 


hand_1	    0.8630,    -0.5301,     2.7520, 

elbow_1	    1.0040,    -0.3294,     2.6767, 

shoulder_1	    0.9169,    -0.1100,     2.7433, 


hand_1	    0.8789,    -0.6438,     2.6887, 

elbow_1	    1.0404,    -0.3853,     2.6430, 

shoulder_1	    0.9308,    -0.1124,     2.7354, 


hand_1	    0.9007,    -0.6546,     2.6363, 

elbow_1	    1.0582,    -0.3900,     2.6235, 

shoulder_1	    0.9451,    -0.1213,     2.7238, 


hand_1	    0.9208,    -0.6677,     2.6501, 

elbow_1	    1.0687,    -0.3973,     2.6532, 

shoulder_1	    0.9578,    -0.1174,     2.7192, 


hand_1	    0.9325,    -0.6803,     2.6561, 

elbow_1	    1.0691,    -0.4045,     2.6715, 

shoulder_1	    0.9694,    -0.1157,     2.7123, 


hand_1	    0.9337,    -0.6871,     2.6614, 

elbow_1	    1.0583,    -0.4063,     2.6858, 

shoulder_1	    0.9730,    -0.1111,     2.7095, 


hand_1	    0.9347,    -0.7026,     2.6619, 

elbow_1	    1.0474,    -0.4174,     2.6926, 

shoulder_1	    0.9764,    -0.1177,     2.7054, 


hand_1	    0.9386,    -0.7123,     2.6618, 

elbow_1	    1.0397,    -0.4232,     2.6966, 

shoulder_1	    0.9826,    -0.1230,     2.7037, 


hand_1	    0.9439,    -0.7212,     2.6668, 

elbow_1	    1.0242,    -0.4261,     2.7047, 

shoulder_1	    0.9864,    -0.1202,     2.7046, 


hand_1	    0.9470,    -0.7214,     2.6681, 

elbow_1	    1.0184,    -0.4239,     2.7059, 

shoulder_1	    0.9880,    -0.1172,     2.7047, 


hand_1	    0.9573,    -0.7245,     2.6692, 

elbow_1	    1.0132,    -0.4235,     2.7048, 

shoulder_1	    0.9938,    -0.1159,     2.7030, 


hand_1	    0.9592,    -0.7265,     2.6714, 

elbow_1	    1.0086,    -0.4242,     2.7053, 

shoulder_1	    0.9931,    -0.1164,     2.7035, 


hand_1	    0.9642,    -0.7276,     2.6737, 

elbow_1	    1.0079,    -0.4242,     2.7056, 

shoulder_1	    0.9955,    -0.1163,     2.7040, 


hand_1	    0.9666,    -0.7264,     2.6938, 

elbow_1	    0.9969,    -0.4208,     2.7196, 

shoulder_1	    0.9906,    -0.1126,     2.7185, 


hand_1	    0.9678,    -0.7218,     2.7066, 

elbow_1	    0.9916,    -0.4153,     2.7284, 

shoulder_1	    0.9876,    -0.1071,     2.7277, 


hand_1	    0.9670,    -0.7176,     2.7174, 

elbow_1	    0.9882,    -0.4108,     2.7375, 

shoulder_1	    0.9849,    -0.1026,     2.7369, 


hand_1	    0.9638,    -0.7134,     2.7262, 

elbow_1	    0.9826,    -0.4063,     2.7445, 

shoulder_1	    0.9801,    -0.0981,     2.7440, 


hand_1	    0.9638,    -0.7134,     2.7262, 

elbow_1	    0.9826,    -0.4063,     2.7445, 

shoulder_1	    0.9801,    -0.0981,     2.7440, 


hand_1	    0.9638,    -0.7134,     2.7262, 

elbow_1	    0.9826,    -0.4063,     2.7445, 

shoulder_1	    0.9708,    -0.0975,     2.7504, 


hand_1	    0.9562,    -0.7129,     2.7340, 

elbow_1	    0.9729,    -0.4057,     2.7508, 

shoulder_1	    0.9708,    -0.0975,     2.7504, 


hand_1	    0.9476,    -0.7174,     2.7445, 

elbow_1	    0.9625,    -0.4099,     2.7597, 

shoulder_1	    0.9608,    -0.1017,     2.7594, 


hand_1	    0.9476,    -0.7174,     2.7445, 

elbow_1	    0.9625,    -0.4099,     2.7597, 

shoulder_1	    0.9608,    -0.1017,     2.7594, 


hand_1	    0.9476,    -0.7174,     2.7445, 

elbow_1	    0.9625,    -0.4099,     2.7597, 

shoulder_1	    0.9608,    -0.1017,     2.7594, 


hand_1	    0.9388,    -0.7171,     2.7521, 

elbow_1	    0.9521,    -0.4095,     2.7659, 

shoulder_1	    0.9508,    -0.1013,     2.7657, 


hand_1	    0.9320,    -0.7178,     2.7596, 

elbow_1	    0.9438,    -0.4101,     2.7722, 

shoulder_1	    0.9428,    -0.1019,     2.7720, 


hand_1	    0.9320,    -0.7178,     2.7596, 

elbow_1	    0.9438,    -0.4101,     2.7722, 

shoulder_1	    0.9428,    -0.1019,     2.7720, 


hand_1	    0.9256,    -0.7178,     2.7659, 

elbow_1	    0.9361,    -0.4100,     2.7773, 

shoulder_1	    0.9353,    -0.1018,     2.7771, 


hand_1	    0.9108,    -0.7064,     2.7855, 

elbow_1	    0.9193,    -0.3985,     2.7948, 

shoulder_1	    0.9187,    -0.0903,     2.7947, 


hand_1	    0.9108,    -0.7064,     2.7855, 

elbow_1	    0.9193,    -0.3985,     2.7948, 

shoulder_1	    0.9187,    -0.0903,     2.7947, 


hand_1	    0.8990,    -0.6976,     2.7899, 

elbow_1	    0.9065,    -0.3896,     2.7984, 

shoulder_1	    0.9061,    -0.0814,     2.7983, 


hand_1	    0.8923,    -0.6958,     2.7933, 

elbow_1	    0.8990,    -0.3877,     2.8009, 

shoulder_1	    0.8987,    -0.0795,     2.8009, 


hand_1	    0.8753,    -0.6975,     2.8001, 

elbow_1	    0.8807,    -0.3894,     2.8063, 

shoulder_1	    0.8805,    -0.0812,     2.8063, 


hand_1	    0.8753,    -0.6975,     2.8001, 

elbow_1	    0.8807,    -0.3894,     2.8063, 

shoulder_1	    0.8805,    -0.0812,     2.8063, 


hand_1	    0.8507,    -0.7059,     2.8122, 

elbow_1	    0.8550,    -0.3978,     2.8173, 

shoulder_1	    0.8549,    -0.0896,     2.8173, 


hand_1	    0.8405,    -0.7094,     2.8174, 

elbow_1	    0.8444,    -0.4013,     2.8220, 

shoulder_1	    0.8443,    -0.0931,     2.8220, 


hand_1	    0.8405,    -0.7094,     2.8174, 

elbow_1	    0.8444,    -0.4013,     2.8220, 

shoulder_1	    0.8443,    -0.0931,     2.8220, 


hand_1	    0.8264,    -0.7047,     2.8208, 

elbow_1	    0.8299,    -0.3965,     2.8250, 

shoulder_1	    0.8298,    -0.0883,     2.8250, 


hand_1	    0.8170,    -0.7059,     2.8250, 

elbow_1	    0.8202,    -0.3977,     2.8287, 

shoulder_1	    0.8201,    -0.0895,     2.8287, 


hand_1	    0.7962,    -0.6950,     2.8428, 

elbow_1	    0.7984,    -0.3868,     2.8455, 

shoulder_1	    0.7984,    -0.0786,     2.8455, 


hand_1	    0.7879,    -0.6995,     2.8479, 

elbow_1	    0.7898,    -0.3913,     2.8501, 

shoulder_1	    0.7897,    -0.0831,     2.8501, 


hand_1	    0.7879,    -0.6995,     2.8479, 

elbow_1	    0.7898,    -0.3913,     2.8501, 

shoulder_1	    0.7897,    -0.0831,     2.8501, 


hand_1	    0.7778,    -0.7039,     2.8497, 

elbow_1	    0.7792,    -0.3958,     2.8515, 

shoulder_1	    0.7792,    -0.0876,     2.8515, 


hand_1	    0.7728,    -0.7033,     2.8528, 

elbow_1	    0.7741,    -0.3951,     2.8545, 

shoulder_1	    0.7741,    -0.0869,     2.8545, 


hand_1	    0.7728,    -0.7033,     2.8528, 

elbow_1	    0.7741,    -0.3951,     2.8545, 

shoulder_1	    0.7741,    -0.0869,     2.8545, 


hand_1	    0.7688,    -0.7028,     2.8535, 

elbow_1	    0.7700,    -0.3946,     2.8549, 

shoulder_1	    0.7699,    -0.0864,     2.8549, 


hand_1	    0.7685,    -0.7008,     2.8515, 

elbow_1	    0.7695,    -0.3926,     2.8528, 

shoulder_1	    0.7695,    -0.0844,     2.8528, 


hand_1	    0.7685,    -0.7041,     2.8530, 

elbow_1	    0.7694,    -0.3959,     2.8540, 

shoulder_1	    0.7694,    -0.0877,     2.8540, 


hand_1	    0.7689,    -0.7046,     2.8525, 

elbow_1	    0.7697,    -0.3964,     2.8534, 

shoulder_1	    0.7697,    -0.0882,     2.8534, 


hand_1	    0.7679,    -0.7005,     2.8536, 

elbow_1	    0.7685,    -0.3923,     2.8543, 

shoulder_1	    0.7685,    -0.0841,     2.8543, 


hand_1	    0.8347,    -0.6759,     2.7903, 

elbow_1	    0.8336,    -0.3803,     2.8775, 

shoulder_1	    0.7692,    -0.0799,     2.8529, 


hand_1	    0.8231,    -0.6885,     2.7945, 

elbow_1	    0.8202,    -0.3886,     2.8655, 

shoulder_1	    0.7791,    -0.0836,     2.8486, 


hand_1	    0.8231,    -0.6885,     2.7945, 

elbow_1	    0.8202,    -0.3886,     2.8655, 

shoulder_1	    0.7791,    -0.0836,     2.8486, 


hand_1	    0.8189,    -0.6943,     2.7986, 

elbow_1	    0.8155,    -0.3929,     2.8626, 

shoulder_1	    0.7828,    -0.0867,     2.8488, 


hand_1	    0.8183,    -0.6994,     2.7958, 

elbow_1	    0.8146,    -0.3966,     2.8535, 

shoulder_1	    0.7884,    -0.0897,     2.8422, 


hand_1	    0.8224,    -0.7033,     2.7978, 

elbow_1	    0.8186,    -0.3995,     2.8498, 

shoulder_1	    0.7977,    -0.0922,     2.8406, 


hand_1	    0.8224,    -0.7033,     2.7978, 

elbow_1	    0.8186,    -0.3995,     2.8498, 

shoulder_1	    0.7977,    -0.0922,     2.8406, 


hand_1	    0.8245,    -0.7041,     2.8003, 

elbow_1	    0.8206,    -0.3995,     2.8471, 

shoulder_1	    0.8040,    -0.0918,     2.8397, 


hand_1	    0.8292,    -0.7077,     2.8016, 

elbow_1	    0.8254,    -0.4024,     2.8437, 

shoulder_1	    0.8121,    -0.0946,     2.8377, 


hand_1	    0.8292,    -0.7077,     2.8016, 

elbow_1	    0.8254,    -0.4024,     2.8437, 

shoulder_1	    0.8121,    -0.0946,     2.8377, 


hand_1	    0.8379,    -0.7154,     2.7958, 

elbow_1	    0.8342,    -0.4095,     2.8337, 

shoulder_1	    0.8236,    -0.1016,     2.8289, 


hand_1	    0.8379,    -0.7154,     2.7958, 

elbow_1	    0.8342,    -0.4095,     2.8337, 

shoulder_1	    0.8236,    -0.1016,     2.8289, 


hand_1	    0.8379,    -0.7154,     2.7958, 

elbow_1	    0.8342,    -0.4095,     2.8337, 

shoulder_1	    0.8236,    -0.1016,     2.8289, 


hand_1	    0.8462,    -0.7201,     2.7922, 

elbow_1	    0.8427,    -0.4138,     2.8263, 

shoulder_1	    0.8342,    -0.1057,     2.8224, 


hand_1	    0.8554,    -0.7235,     2.7916, 

elbow_1	    0.8521,    -0.4169,     2.8223, 

shoulder_1	    0.8453,    -0.1087,     2.8192, 


hand_1	    0.8554,    -0.7235,     2.7916, 

elbow_1	    0.8521,    -0.4169,     2.8223, 

shoulder_1	    0.8453,    -0.1087,     2.8192, 


hand_1	    0.8652,    -0.7287,     2.7949, 

elbow_1	    0.8620,    -0.4218,     2.8225, 

shoulder_1	    0.8566,    -0.1136,     2.8200, 


hand_1	    0.8773,    -0.7348,     2.7890, 

elbow_1	    0.8743,    -0.4276,     2.8138, 

shoulder_1	    0.8700,    -0.1195,     2.8118, 


hand_1	    0.9020,    -0.7399,     2.7828, 

elbow_1	    0.8994,    -0.4324,     2.8029, 

shoulder_1	    0.8966,    -0.1242,     2.8016, 


hand_1	    0.9170,    -0.7440,     2.7821, 

elbow_1	    0.9147,    -0.4364,     2.8002, 

shoulder_1	    0.9124,    -0.1282,     2.7992, 


hand_1	    0.9170,    -0.7440,     2.7821, 

elbow_1	    0.9147,    -0.4364,     2.8002, 

shoulder_1	    0.9124,    -0.1282,     2.7992, 


hand_1	    0.9298,    -0.7443,     2.7773, 

elbow_1	    0.9276,    -0.4365,     2.7936, 

shoulder_1	    0.9258,    -0.1283,     2.7928, 


hand_1	    0.9414,    -0.7470,     2.7700, 

elbow_1	    0.9394,    -0.4392,     2.7847, 

shoulder_1	    0.9380,    -0.1310,     2.7840, 


hand_1	    0.9538,    -0.7556,     2.7642, 

elbow_1	    0.9520,    -0.4477,     2.7774, 

shoulder_1	    0.9509,    -0.1395,     2.7768, 


hand_1	    0.9680,    -0.7665,     2.7578, 

elbow_1	    0.9663,    -0.4586,     2.7696, 

shoulder_1	    0.9654,    -0.1504,     2.7692, 


hand_1	    0.9810,    -0.7770,     2.7525, 

elbow_1	    0.9795,    -0.4690,     2.7632, 

shoulder_1	    0.9788,    -0.1608,     2.7628, 


hand_1	    0.9924,    -0.7847,     2.7489, 

elbow_1	    0.9910,    -0.4766,     2.7585, 

shoulder_1	    0.9904,    -0.1684,     2.7582, 


hand_1	    1.0157,    -0.7970,     2.7400, 

elbow_1	    1.0145,    -0.4889,     2.7478, 

shoulder_1	    1.0141,    -0.1807,     2.7476, 


hand_1	    1.0157,    -0.7970,     2.7400, 

elbow_1	    1.0145,    -0.4889,     2.7478, 

shoulder_1	    1.0141,    -0.1807,     2.7476, 


hand_1	    1.0257,    -0.8066,     2.7411, 

elbow_1	    1.0247,    -0.4985,     2.7481, 

shoulder_1	    1.0244,    -0.1903,     2.7480, 


hand_1	    1.0323,    -0.8120,     2.7370, 

elbow_1	    1.0314,    -0.5039,     2.7433, 

shoulder_1	    1.0312,    -0.1957,     2.7432, 


hand_1	    1.0392,    -0.8189,     2.7359, 

elbow_1	    1.0384,    -0.5108,     2.7415, 

shoulder_1	    1.0382,    -0.2026,     2.7414, 


hand_1	    1.0490,    -0.8267,     2.7368, 

elbow_1	    1.0482,    -0.5185,     2.7419, 

shoulder_1	    1.0481,    -0.2103,     2.7418, 


hand_1	    1.0614,    -0.8286,     2.7378, 

elbow_1	    1.0607,    -0.5204,     2.7424, 

shoulder_1	    1.0606,    -0.2122,     2.7424, 


hand_1	    1.0696,    -0.8260,     2.7344, 

elbow_1	    1.0689,    -0.5178,     2.7386, 

shoulder_1	    1.0688,    -0.2096,     2.7385, 


hand_1	    1.0741,    -0.8283,     2.7312, 

elbow_1	    1.0735,    -0.5201,     2.7349, 

shoulder_1	    1.0734,    -0.2119,     2.7349, 


hand_1	    1.1119,    -0.8007,     2.6952, 

elbow_1	    1.1071,    -0.5157,     2.8126, 

shoulder_1	    1.0781,    -0.2194,     2.7329, 


hand_1	    1.1083,    -0.8057,     2.6871, 

elbow_1	    1.1033,    -0.5164,     2.7932, 

shoulder_1	    1.0800,    -0.2158,     2.7292, 


hand_1	    1.1083,    -0.8057,     2.6871, 

elbow_1	    1.1033,    -0.5164,     2.7932, 

shoulder_1	    1.0800,    -0.2158,     2.7292, 


hand_1	    1.1038,    -0.8139,     2.6827, 

elbow_1	    1.0988,    -0.5210,     2.7785, 

shoulder_1	    1.0801,    -0.2177,     2.7272, 


hand_1	    1.1003,    -0.8218,     2.6817, 

elbow_1	    1.0954,    -0.5260,     2.7682, 

shoulder_1	    1.0804,    -0.2209,     2.7271, 


hand_1	    1.0953,    -0.8258,     2.6808, 

elbow_1	    1.0906,    -0.5277,     2.7589, 

shoulder_1	    1.0785,    -0.2215,     2.7259, 


hand_1	    1.0922,    -0.8302,     2.6834, 

elbow_1	    1.0877,    -0.5301,     2.7538, 

shoulder_1	    1.0780,    -0.2232,     2.7274, 


hand_1	    1.0869,    -0.8304,     2.6819, 

elbow_1	    1.0826,    -0.5288,     2.7454, 

shoulder_1	    1.0748,    -0.2214,     2.7243, 


hand_1	    1.0845,    -0.8348,     2.6878, 

elbow_1	    1.0804,    -0.5319,     2.7450, 

shoulder_1	    1.0742,    -0.2243,     2.7281, 


hand_1	    1.0742,    -0.8423,     2.6931, 

elbow_1	    1.0706,    -0.5377,     2.7395, 

shoulder_1	    1.0667,    -0.2297,     2.7287, 


hand_1	    1.0719,    -0.8445,     2.6961, 

elbow_1	    1.0686,    -0.5391,     2.7379, 

shoulder_1	    1.0654,    -0.2311,     2.7292, 


hand_1	    1.0719,    -0.8445,     2.6961, 

elbow_1	    1.0686,    -0.5391,     2.7379, 

shoulder_1	    1.0654,    -0.2311,     2.7292, 


hand_1	    1.0649,    -0.8471,     2.6982, 

elbow_1	    1.0619,    -0.5412,     2.7358, 

shoulder_1	    1.0594,    -0.2331,     2.7289, 


hand_1	    1.0579,    -0.8437,     2.6968, 

elbow_1	    1.0551,    -0.5374,     2.7307, 

shoulder_1	    1.0531,    -0.2292,     2.7251, 


hand_1	    1.0477,    -0.8328,     2.6887, 

elbow_1	    1.0452,    -0.5261,     2.7192, 

shoulder_1	    1.0435,    -0.2179,     2.7148, 


hand_1	    1.0409,    -0.8325,     2.6853, 

elbow_1	    1.0386,    -0.5256,     2.7127, 

shoulder_1	    1.0373,    -0.2174,     2.7091, 


hand_1	    1.0313,    -0.8295,     2.6831, 

elbow_1	    1.0291,    -0.5223,     2.7077, 

shoulder_1	    1.0281,    -0.2141,     2.7049, 


hand_1	    1.0202,    -0.8301,     2.6823, 

elbow_1	    1.0182,    -0.5227,     2.7045, 

shoulder_1	    1.0174,    -0.2145,     2.7023, 


hand_1	    1.0083,    -0.8402,     2.6830, 

elbow_1	    1.0066,    -0.5327,     2.7030, 

shoulder_1	    1.0059,    -0.2245,     2.7012, 


hand_1	    0.9986,    -0.8399,     2.6799, 

elbow_1	    0.9970,    -0.5323,     2.6979, 

shoulder_1	    0.9964,    -0.2241,     2.6965, 


hand_1	    0.9878,    -0.8488,     2.6871, 

elbow_1	    0.9863,    -0.5411,     2.7033, 

shoulder_1	    0.9859,    -0.2329,     2.7021, 


hand_1	    0.9696,    -0.8544,     2.6868, 

elbow_1	    0.9684,    -0.5464,     2.7000, 

shoulder_1	    0.9681,    -0.2382,     2.6992, 


hand_1	    0.9696,    -0.8544,     2.6868, 

elbow_1	    0.9684,    -0.5464,     2.7000, 

shoulder_1	    0.9681,    -0.2382,     2.6992, 


hand_1	    0.9568,    -0.8594,     2.6881, 

elbow_1	    0.9557,    -0.5514,     2.6999, 

shoulder_1	    0.9555,    -0.2432,     2.6993, 


hand_1	    0.9448,    -0.8597,     2.6858, 

elbow_1	    0.9438,    -0.5517,     2.6964, 

shoulder_1	    0.9436,    -0.2435,     2.6959, 


hand_1	    0.9342,    -0.8659,     2.6860, 

elbow_1	    0.9333,    -0.5579,     2.6955, 

shoulder_1	    0.9331,    -0.2497,     2.6952, 


hand_1	    0.9201,    -0.8773,     2.6844, 

elbow_1	    0.9193,    -0.5693,     2.6930, 

shoulder_1	    0.9191,    -0.2611,     2.6927, 


hand_1	    0.9067,    -0.8877,     2.6840, 

elbow_1	    0.9059,    -0.5796,     2.6917, 

shoulder_1	    0.9058,    -0.2713,     2.6915, 


hand_1	    0.8920,    -0.9033,     2.6840, 

elbow_1	    0.8913,    -0.5952,     2.6910, 

shoulder_1	    0.8913,    -0.2870,     2.6908, 


hand_1	    0.8810,    -0.9127,     2.6817, 

elbow_1	    0.8804,    -0.6045,     2.6879, 

shoulder_1	    0.8804,    -0.2963,     2.6878, 


hand_1	    0.8721,    -0.9384,     2.6855, 

elbow_1	    0.8716,    -0.6303,     2.6911, 

shoulder_1	    0.8715,    -0.3221,     2.6910, 


hand_1	    0.8603,    -0.9500,     2.6828, 

elbow_1	    0.8598,    -0.6418,     2.6878, 

shoulder_1	    0.8598,    -0.3336,     2.6877, 


hand_1	    0.8496,    -0.9717,     2.6761, 

elbow_1	    0.8492,    -0.6635,     2.6802, 

shoulder_1	    0.8492,    -0.3553,     2.6801, 


hand_1	    0.8496,    -0.9717,     2.6761, 

elbow_1	    0.8492,    -0.6635,     2.6802, 

shoulder_1	    0.8492,    -0.3553,     2.6801, 


hand_1	    0.8441,    -0.9821,     2.6746, 

elbow_1	    0.8437,    -0.6739,     2.6784, 

shoulder_1	    0.8437,    -0.3657,     2.6783, 


hand_1	    0.8371,    -0.9933,     2.6749, 

elbow_1	    0.8368,    -0.6851,     2.6783, 

shoulder_1	    0.8368,    -0.3769,     2.6782, 


hand_1	    0.8344,    -1.0049,     2.6752, 

elbow_1	    0.8341,    -0.6967,     2.6782, 

shoulder_1	    0.8341,    -0.3885,     2.6782, 


hand_1	    0.8301,    -1.0095,     2.6737, 

elbow_1	    0.8298,    -0.7013,     2.6764, 

shoulder_1	    0.8298,    -0.3931,     2.6764, 


hand_1	    0.8261,    -1.0150,     2.6730, 

elbow_1	    0.8259,    -0.7068,     2.6754, 

shoulder_1	    0.8259,    -0.3986,     2.6754, 


hand_1	    0.8115,    -1.0338,     2.6812, 

elbow_1	    0.8113,    -0.7256,     2.6831, 

shoulder_1	    0.8113,    -0.4174,     2.6831, 


hand_1	    0.8070,    -1.0481,     2.6859, 

elbow_1	    0.8068,    -0.7399,     2.6877, 

shoulder_1	    0.8068,    -0.4317,     2.6877, 


hand_1	    0.8070,    -1.0481,     2.6859, 

elbow_1	    0.8068,    -0.7399,     2.6877, 

shoulder_1	    0.8068,    -0.4317,     2.6877, 


hand_1	    0.8075,    -1.0556,     2.6869, 

elbow_1	    0.8074,    -0.7474,     2.6885, 

shoulder_1	    0.8074,    -0.4392,     2.6885, 


hand_1	    0.8007,    -1.0667,     2.6891, 

elbow_1	    0.8006,    -0.7585,     2.6905, 

shoulder_1	    0.8006,    -0.4503,     2.6905, 


hand_1	    0.7994,    -1.0773,     2.6950, 

elbow_1	    0.7993,    -0.7691,     2.6963, 

shoulder_1	    0.7993,    -0.4609,     2.6963, 


hand_1	    0.7988,    -1.0827,     2.6980, 

elbow_1	    0.7986,    -0.7745,     2.6992, 

shoulder_1	    0.7986,    -0.4663,     2.6992, 


hand_1	    0.7957,    -1.0822,     2.6939, 

elbow_1	    0.7956,    -0.7740,     2.6950, 

shoulder_1	    0.7956,    -0.4658,     2.6950, 


hand_1	    0.7945,    -1.0844,     2.6868, 

elbow_1	    0.7944,    -0.7762,     2.6878, 

shoulder_1	    0.7944,    -0.4680,     2.6878, 


hand_1	    0.7921,    -1.0886,     2.6911, 

elbow_1	    0.7921,    -0.7804,     2.6918, 

shoulder_1	    0.7921,    -0.4722,     2.6918, 


hand_1	    0.7959,    -1.0897,     2.6940, 

elbow_1	    0.7958,    -0.7815,     2.6947, 

shoulder_1	    0.7958,    -0.4733,     2.6947, 


hand_1	    0.7959,    -1.0897,     2.6940, 

elbow_1	    0.7958,    -0.7815,     2.6947, 

shoulder_1	    0.7958,    -0.4733,     2.6947, 


hand_1	    0.7881,    -1.0855,     2.6915, 

elbow_1	    0.7881,    -0.7773,     2.6921, 

shoulder_1	    0.7881,    -0.4691,     2.6921, 


hand_1	    0.7935,    -1.0957,     2.6547, 

elbow_1	    0.7935,    -0.7875,     2.6552, 

shoulder_1	    0.7935,    -0.4793,     2.6552, 


hand_1	    0.7961,    -1.0997,     2.6388, 

elbow_1	    0.7961,    -0.7915,     2.6393, 

shoulder_1	    0.7961,    -0.4833,     2.6393, 


hand_1	    0.7967,    -1.0947,     2.6673, 

elbow_1	    0.7967,    -0.7865,     2.6678, 

shoulder_1	    0.7967,    -0.4783,     2.6678, 


hand_1	    0.8007,    -1.0938,     2.6819, 

elbow_1	    0.8006,    -0.7856,     2.6823, 

shoulder_1	    0.8006,    -0.4774,     2.6823, 


hand_1	    0.8068,    -1.0950,     2.6859, 

elbow_1	    0.8068,    -0.7868,     2.6862, 

shoulder_1	    0.8068,    -0.4786,     2.6862, 


hand_1	    0.8140,    -1.1013,     2.7003, 

elbow_1	    0.8140,    -0.7931,     2.7006, 

shoulder_1	    0.8140,    -0.4849,     2.7006, 


hand_1	    0.8140,    -1.1013,     2.7003, 

elbow_1	    0.8140,    -0.7931,     2.7006, 

shoulder_1	    0.8140,    -0.4849,     2.7006, 


hand_1	    0.8167,    -1.0994,     2.7067, 

elbow_1	    0.8167,    -0.7912,     2.7070, 

shoulder_1	    0.8167,    -0.4830,     2.7070, 


hand_1	    0.8185,    -1.1048,     2.6922, 

elbow_1	    0.8184,    -0.7966,     2.6924, 

shoulder_1	    0.8184,    -0.4884,     2.6924, 


hand_1	    0.8215,    -1.1157,     2.6974, 

elbow_1	    0.8215,    -0.8075,     2.6976, 

shoulder_1	    0.8215,    -0.4993,     2.6976, 


hand_1	    0.8259,    -1.1183,     2.6967, 

elbow_1	    0.8258,    -0.8101,     2.6969, 

shoulder_1	    0.8258,    -0.5019,     2.6969, 


hand_1	    0.8280,    -1.1197,     2.6963, 

elbow_1	    0.8280,    -0.8115,     2.6965, 

shoulder_1	    0.8280,    -0.5033,     2.6965, 


hand_1	    0.8309,    -1.1165,     2.7010, 

elbow_1	    0.8309,    -0.8083,     2.7011, 

shoulder_1	    0.8309,    -0.5001,     2.7011, 


hand_1	    0.8352,    -1.1149,     2.7142, 

elbow_1	    0.8352,    -0.8067,     2.7143, 

shoulder_1	    0.8352,    -0.4985,     2.7143, 


hand_1	    0.8322,    -1.1271,     2.7095, 

elbow_1	    0.8322,    -0.8189,     2.7096, 

shoulder_1	    0.8322,    -0.5107,     2.7096, 


hand_1	    0.8140,    -1.1365,     2.7134, 

elbow_1	    0.8140,    -0.8283,     2.7135, 

shoulder_1	    0.8140,    -0.5201,     2.7135, 


hand_1	    0.8140,    -1.1365,     2.7134, 

elbow_1	    0.8140,    -0.8283,     2.7135, 

shoulder_1	    0.8140,    -0.5201,     2.7135, 


hand_1	    0.8050,    -1.1404,     2.7151, 

elbow_1	    0.8050,    -0.8322,     2.7152, 

shoulder_1	    0.8050,    -0.5240,     2.7152, 


hand_1	    0.8012,    -1.1369,     2.7388, 

elbow_1	    0.8012,    -0.8287,     2.7389, 

shoulder_1	    0.8012,    -0.5205,     2.7389, 


hand_1	    0.7727,    -1.0970,     2.8473, 

elbow_1	    0.7727,    -0.7888,     2.8474, 

shoulder_1	    0.7727,    -0.4806,     2.8474, 


hand_1	    0.7920,    -1.0917,     2.8846, 

elbow_1	    0.7920,    -0.7835,     2.8847, 

shoulder_1	    0.7920,    -0.4753,     2.8847, 


hand_1	    0.8272,    -1.1310,     2.8451, 

elbow_1	    0.8272,    -0.8228,     2.8451, 

shoulder_1	    0.8272,    -0.5146,     2.8451, 


hand_1	    0.8658,    -1.1820,     2.8786, 

elbow_1	    0.8658,    -0.8738,     2.8786, 

shoulder_1	    0.8658,    -0.5656,     2.8786, 


hand_1	    0.8647,    -1.2198,     2.8291, 

elbow_1	    0.8647,    -0.9116,     2.8291, 

shoulder_1	    0.8647,    -0.6034,     2.8291, 


hand_1	    0.8647,    -1.2198,     2.8291, 

elbow_1	    0.8647,    -0.9116,     2.8291, 

shoulder_1	    0.8647,    -0.6034,     2.8291, 


hand_1	    0.8659,    -1.2358,     2.8025, 

elbow_1	    0.8659,    -0.9276,     2.8026, 

shoulder_1	    0.8659,    -0.6194,     2.8026, 


hand_1	    0.8669,    -1.2431,     2.7888, 

elbow_1	    0.8669,    -0.9349,     2.7888, 

shoulder_1	    0.8669,    -0.6267,     2.7888, 


hand_1	    0.8675,    -1.2466,     2.7818, 

elbow_1	    0.8675,    -0.9384,     2.7818, 

shoulder_1	    0.8675,    -0.6302,     2.7818, 


hand_1	    0.8704,    -1.2504,     2.7853, 

elbow_1	    0.8704,    -0.9422,     2.7853, 

shoulder_1	    0.8704,    -0.6340,     2.7853, 


hand_1	    0.8719,    -1.2523,     2.7871, 

elbow_1	    0.8719,    -0.9441,     2.7871, 

shoulder_1	    0.8719,    -0.6359,     2.7871, 


hand_1	    0.8726,    -1.2532,     2.7880, 

elbow_1	    0.8726,    -0.9450,     2.7880, 

shoulder_1	    0.8726,    -0.6368,     2.7880, 


hand_1	    0.8731,    -1.2539,     2.7886, 

elbow_1	    0.8731,    -0.9457,     2.7886, 

shoulder_1	    0.8731,    -0.6375,     2.7886, 


hand_1	    0.8732,    -1.2540,     2.7888, 

elbow_1	    0.8732,    -0.9458,     2.7888, 

shoulder_1	    0.8732,    -0.6376,     2.7888, 


hand_1	    0.8732,    -1.2540,     2.7888, 

elbow_1	    0.8732,    -0.9458,     2.7888, 

shoulder_1	    0.8732,    -0.6376,     2.7888, 


hand_1	    0.8732,    -1.2540,     2.7889, 

elbow_1	    0.8732,    -0.9458,     2.7889, 

shoulder_1	    0.8732,    -0.6376,     2.7889, 


hand_1	    0.8732,    -1.2540,     2.7889, 

elbow_1	    0.8732,    -0.9458,     2.7889, 

shoulder_1	    0.8732,    -0.6376,     2.7889, 


hand_1	    0.8732,    -1.2540,     2.7890, 

elbow_1	    0.8731,    -0.9458,     2.7890, 

shoulder_1	    0.8731,    -0.6376,     2.7890, 


hand_1	    0.8732,    -1.2540,     2.7890, 

elbow_1	    0.8731,    -0.9458,     2.7890, 

shoulder_1	    0.8731,    -0.6376,     2.7890, 


hand_1	    0.8731,    -1.2540,     2.7890, 

elbow_1	    0.8731,    -0.9458,     2.7890, 

shoulder_1	    0.8731,    -0.6376,     2.7890, 


hand_1	    0.8731,    -1.2540,     2.7890, 

elbow_1	    0.8731,    -0.9458,     2.7890, 

shoulder_1	    0.8731,    -0.6376,     2.7890, 


hand_1	    0.8731,    -1.2540,     2.7890, 

elbow_1	    0.8731,    -0.9458,     2.7890, 

shoulder_1	    0.8731,    -0.6376,     2.7890, 


hand_1	    0.8731,    -1.2540,     2.7890, 

elbow_1	    0.8731,    -0.9458,     2.7890, 

shoulder_1	    0.8731,    -0.6376,     2.7890, 


hand_1	    0.8731,    -1.2540,     2.7890, 

elbow_1	    0.8731,    -0.9458,     2.7890, 

shoulder_1	    0.8731,    -0.6376,     2.7890, 


hand_1	    0.8731,    -1.2540,     2.7890, 

elbow_1	    0.8731,    -0.9458,     2.7890, 

shoulder_1	    0.8731,    -0.6376,     2.7890, 


hand_1	    0.8731,    -1.2540,     2.7890, 

elbow_1	    0.8731,    -0.9458,     2.7890, 

shoulder_1	    0.8731,    -0.6376,     2.7890, 


hand_1	    0.8731,    -1.2540,     2.7890, 

elbow_1	    0.8731,    -0.9458,     2.7890, 

shoulder_1	    0.8731,    -0.6376,     2.7890, 


hand_1	    0.8839,    -1.2160,     2.9120, 

elbow_1	    0.8839,    -0.9078,     2.9120, 

shoulder_1	    0.8839,    -0.5996,     2.9120, 


hand_1	    0.8839,    -1.2160,     2.9120, 

elbow_1	    0.8839,    -0.9078,     2.9120, 

shoulder_1	    0.8839,    -0.5996,     2.9120, 


hand_1	    0.8899,    -1.1935,     2.9761, 

elbow_1	    0.8899,    -0.8853,     2.9761, 

shoulder_1	    0.8899,    -0.5771,     2.9761, 


hand_1	    0.8936,    -1.1817,     3.0087, 

elbow_1	    0.8936,    -0.8735,     3.0087, 

shoulder_1	    0.8936,    -0.5653,     3.0087, 


hand_1	    0.8957,    -1.1757,     3.0252, 

elbow_1	    0.8957,    -0.8675,     3.0252, 

shoulder_1	    0.8957,    -0.5593,     3.0252, 


hand_1	    0.8967,    -1.1726,     3.0334, 

elbow_1	    0.8967,    -0.8644,     3.0334, 

shoulder_1	    0.8967,    -0.5562,     3.0334, 


hand_1	    0.8973,    -1.1711,     3.0376, 

elbow_1	    0.8973,    -0.8629,     3.0376, 

shoulder_1	    0.8973,    -0.5547,     3.0376, 


hand_1	    0.8976,    -1.1704,     3.0397, 

elbow_1	    0.8976,    -0.8622,     3.0397, 

shoulder_1	    0.8976,    -0.5540,     3.0397, 


hand_1	    0.8977,    -1.1700,     3.0407, 

elbow_1	    0.8977,    -0.8618,     3.0407, 

shoulder_1	    0.8977,    -0.5536,     3.0407, 


hand_1	    0.8978,    -1.1697,     3.0415, 

elbow_1	    0.8978,    -0.8615,     3.0415, 

shoulder_1	    0.8978,    -0.5533,     3.0415, 


hand_1	    0.8978,    -1.1697,     3.0415, 

elbow_1	    0.8978,    -0.8615,     3.0415, 

shoulder_1	    0.8978,    -0.5533,     3.0415, 


hand_1	    0.8977,    -1.1696,     3.0416, 

elbow_1	    0.8977,    -0.8614,     3.0416, 

shoulder_1	    0.8977,    -0.5532,     3.0416, 


hand_1	    0.8977,    -1.1695,     3.0417, 

elbow_1	    0.8977,    -0.8613,     3.0417, 

shoulder_1	    0.8977,    -0.5531,     3.0417, 


hand_1	    0.8977,    -1.1695,     3.0417, 

elbow_1	    0.8977,    -0.8613,     3.0417, 

shoulder_1	    0.8977,    -0.5531,     3.0417, 


hand_1	    0.8977,    -1.1695,     3.0417, 

elbow_1	    0.8977,    -0.8613,     3.0417, 

shoulder_1	    0.8977,    -0.5531,     3.0417, 


hand_1	    0.8977,    -1.1695,     3.0417, 

elbow_1	    0.8977,    -0.8613,     3.0417, 

shoulder_1	    0.8977,    -0.5531,     3.0417, 


hand_1	    0.8977,    -1.1695,     3.0417, 

elbow_1	    0.8977,    -0.8613,     3.0417, 

shoulder_1	    0.8977,    -0.5531,     3.0417, 


hand_1	    0.8977,    -1.1695,     3.0417, 

elbow_1	    0.8977,    -0.8613,     3.0417, 

shoulder_1	    0.8977,    -0.5531,     3.0417, 


hand_1	    0.8977,    -1.1695,     3.0417, 

elbow_1	    0.8977,    -0.8613,     3.0417, 

shoulder_1	    0.8977,    -0.5531,     3.0417, 


hand_1	    0.8977,    -1.1695,     3.0417, 

elbow_1	    0.8977,    -0.8613,     3.0417, 

shoulder_1	    0.8977,    -0.5531,     3.0417, 


hand_1	    0.8977,    -1.1695,     3.0417, 

elbow_1	    0.8977,    -0.8613,     3.0417, 

shoulder_1	    0.8977,    -0.5531,     3.0417, 


hand_1	    0.8977,    -1.1695,     3.0417, 

elbow_1	    0.8977,    -0.8613,     3.0417, 

shoulder_1	    0.8977,    -0.5531,     3.0417, 


hand_1	    0.8977,    -1.1695,     3.0417, 

elbow_1	    0.8977,    -0.8613,     3.0417, 

shoulder_1	    0.8977,    -0.5531,     3.0417, 


hand_1	    0.8977,    -1.1695,     3.0417, 

elbow_1	    0.8977,    -0.8613,     3.0417, 

shoulder_1	    0.8977,    -0.5531,     3.0417, 


hand_1	    0.8977,    -1.1695,     3.0417, 

elbow_1	    0.8977,    -0.8613,     3.0417, 

shoulder_1	    0.8977,    -0.5531,     3.0417, 


hand_1	    0.8977,    -1.1695,     3.0417, 

elbow_1	    0.8977,    -0.8613,     3.0417, 

shoulder_1	    0.8977,    -0.5531,     3.0417, 


hand_1	    0.8977,    -1.1695,     3.0417, 

elbow_1	    0.8977,    -0.8613,     3.0417, 

shoulder_1	    0.8977,    -0.5531,     3.0417, 


hand_1	    0.8977,    -1.1695,     3.0417, 

elbow_1	    0.8977,    -0.8613,     3.0417, 

shoulder_1	    0.8977,    -0.5531,     3.0417, 


hand_1	    0.8977,    -1.1695,     3.0417, 

elbow_1	    0.8977,    -0.8613,     3.0417, 

shoulder_1	    0.8977,    -0.5531,     3.0417, 


hand_1	    0.8977,    -1.1695,     3.0417, 

elbow_1	    0.8977,    -0.8613,     3.0417, 

shoulder_1	    0.8977,    -0.5531,     3.0417, 


hand_1	    0.8977,    -1.1695,     3.0417, 

elbow_1	    0.8977,    -0.8613,     3.0417, 

shoulder_1	    0.8977,    -0.5531,     3.0417, 


hand_1	    0.8977,    -1.1695,     3.0417, 

elbow_1	    0.8977,    -0.8613,     3.0417, 

shoulder_1	    0.8977,    -0.5531,     3.0417, 


hand_1	    0.8977,    -1.1695,     3.0417, 

elbow_1	    0.8977,    -0.8613,     3.0417, 

shoulder_1	    0.8977,    -0.5531,     3.0417, 


hand_1	    0.8977,    -1.1695,     3.0417, 

elbow_1	    0.8977,    -0.8613,     3.0417, 

shoulder_1	    0.8977,    -0.5531,     3.0417, 


hand_1	    0.8977,    -1.1695,     3.0417, 

elbow_1	    0.8977,    -0.8613,     3.0417, 

shoulder_1	    0.8977,    -0.5531,     3.0417, 


hand_1	    0.8977,    -1.1695,     3.0417, 

elbow_1	    0.8977,    -0.8613,     3.0417, 

shoulder_1	    0.8977,    -0.5531,     3.0417, 


hand_1	    0.8977,    -1.1695,     3.0417, 

elbow_1	    0.8977,    -0.8613,     3.0417, 

shoulder_1	    0.8977,    -0.5531,     3.0417, 


hand_1	    0.8977,    -1.1695,     3.0417, 

elbow_1	    0.8977,    -0.8613,     3.0417, 

shoulder_1	    0.8977,    -0.5531,     3.0417, 


hand_1	    0.8977,    -1.1695,     3.0417, 

elbow_1	    0.8977,    -0.8613,     3.0417, 

shoulder_1	    0.8977,    -0.5531,     3.0417, 


hand_1	    0.8977,    -1.1695,     3.0417, 

elbow_1	    0.8977,    -0.8613,     3.0417, 

shoulder_1	    0.8977,    -0.5531,     3.0417, 


hand_1	    0.8977,    -1.1695,     3.0417, 

elbow_1	    0.8977,    -0.8613,     3.0417, 

shoulder_1	    0.8977,    -0.5531,     3.0417, 


hand_1	    0.8977,    -1.1695,     3.0417, 

elbow_1	    0.8977,    -0.8613,     3.0417, 

shoulder_1	    0.8977,    -0.5531,     3.0417, 


hand_1	    0.8977,    -1.1695,     3.0417, 

elbow_1	    0.8977,    -0.8613,     3.0417, 

shoulder_1	    0.8977,    -0.5531,     3.0417, 


hand_1	    0.8977,    -1.1695,     3.0417, 

elbow_1	    0.8977,    -0.8613,     3.0417, 

shoulder_1	    0.8977,    -0.5531,     3.0417, 


hand_1	    0.8977,    -1.1695,     3.0417, 

elbow_1	    0.8977,    -0.8613,     3.0417, 

shoulder_1	    0.8977,    -0.5531,     3.0417, 


hand_1	    0.8977,    -1.1695,     3.0417, 

elbow_1	    0.8977,    -0.8613,     3.0417, 

shoulder_1	    0.8977,    -0.5531,     3.0417, 


hand_1	    0.8977,    -1.1695,     3.0417, 

elbow_1	    0.8977,    -0.8613,     3.0417, 

shoulder_1	    0.8977,    -0.5531,     3.0417, 


hand_1	    0.8977,    -1.1695,     3.0417, 

elbow_1	    0.8977,    -0.8613,     3.0417, 

shoulder_1	    0.8977,    -0.5531,     3.0417, 


hand_1	    0.9039,    -1.2198,     2.9854, 

elbow_1	    0.9039,    -0.9116,     2.9854, 

shoulder_1	    0.9039,    -0.6034,     2.9854, 


hand_1	    0.9039,    -1.2198,     2.9854, 

elbow_1	    0.9039,    -0.9116,     2.9854, 

shoulder_1	    0.9039,    -0.6034,     2.9854, 


hand_1	    0.9053,    -1.2283,     2.9757, 

elbow_1	    0.9053,    -0.9201,     2.9757, 

shoulder_1	    0.9053,    -0.6118,     2.9757, 


hand_1	    0.9060,    -1.2327,     2.9708, 

elbow_1	    0.9060,    -0.9245,     2.9708, 

shoulder_1	    0.9060,    -0.6163,     2.9708, 


hand_1	    0.9064,    -1.2349,     2.9683, 

elbow_1	    0.9064,    -0.9267,     2.9683, 

shoulder_1	    0.9064,    -0.6185,     2.9683, 


hand_1	    0.9066,    -1.2361,     2.9670, 

elbow_1	    0.9066,    -0.9279,     2.9670, 

shoulder_1	    0.9066,    -0.6197,     2.9670, 


hand_1	    0.9067,    -1.2366,     2.9664, 

elbow_1	    0.9067,    -0.9284,     2.9664, 

shoulder_1	    0.9067,    -0.6202,     2.9664, 


hand_1	    0.9067,    -1.2370,     2.9660, 

elbow_1	    0.9067,    -0.9288,     2.9660, 

shoulder_1	    0.9067,    -0.6206,     2.9660, 


hand_1	    0.9067,    -1.2370,     2.9660, 

elbow_1	    0.9067,    -0.9288,     2.9660, 

shoulder_1	    0.9067,    -0.6206,     2.9660, 


hand_1	    0.9067,    -1.2371,     2.9659, 

elbow_1	    0.9067,    -0.9289,     2.9659, 

shoulder_1	    0.9067,    -0.6207,     2.9659, 


hand_1	    0.9068,    -1.2371,     2.9659, 

elbow_1	    0.9067,    -0.9289,     2.9659, 

shoulder_1	    0.9067,    -0.6207,     2.9659, 


hand_1	    0.9068,    -1.2371,     2.9659, 

elbow_1	    0.9067,    -0.9289,     2.9659, 

shoulder_1	    0.9067,    -0.6207,     2.9659, 


hand_1	    0.9068,    -1.2371,     2.9659, 

elbow_1	    0.9067,    -0.9289,     2.9659, 

shoulder_1	    0.9067,    -0.6207,     2.9659, 


hand_1	    0.9068,    -1.2371,     2.9658, 

elbow_1	    0.9068,    -0.9289,     2.9658, 

shoulder_1	    0.9068,    -0.6207,     2.9658, 


hand_1	    0.9068,    -1.2371,     2.9658, 

elbow_1	    0.9068,    -0.9289,     2.9658, 

shoulder_1	    0.9068,    -0.6207,     2.9658, 


hand_1	    0.9068,    -1.2371,     2.9658, 

elbow_1	    0.9068,    -0.9289,     2.9658, 

shoulder_1	    0.9068,    -0.6207,     2.9658, 


hand_1	    0.9068,    -1.2371,     2.9658, 

elbow_1	    0.9068,    -0.9289,     2.9658, 

shoulder_1	    0.9068,    -0.6207,     2.9658, 


hand_1	    0.9068,    -1.2371,     2.9658, 

elbow_1	    0.9068,    -0.9289,     2.9658, 

shoulder_1	    0.9068,    -0.6207,     2.9658, 


hand_1	    0.9068,    -1.2371,     2.9658, 

elbow_1	    0.9068,    -0.9289,     2.9658, 

shoulder_1	    0.9068,    -0.6207,     2.9658, 


hand_1	    0.9068,    -1.2371,     2.9658, 

elbow_1	    0.9068,    -0.9289,     2.9658, 

shoulder_1	    0.9068,    -0.6207,     2.9658, 


hand_1	    0.9068,    -1.2371,     2.9658, 

elbow_1	    0.9068,    -0.9289,     2.9658, 

shoulder_1	    0.9068,    -0.6207,     2.9658, 


hand_1	    0.9068,    -1.2371,     2.9658, 

elbow_1	    0.9068,    -0.9289,     2.9658, 

shoulder_1	    0.9068,    -0.6207,     2.9658, 


hand_1	    0.9068,    -1.2371,     2.9658, 

elbow_1	    0.9068,    -0.9289,     2.9658, 

shoulder_1	    0.9068,    -0.6207,     2.9658, 


hand_1	    0.9068,    -1.2371,     2.9658, 

elbow_1	    0.9068,    -0.9289,     2.9658, 

shoulder_1	    0.9068,    -0.6207,     2.9658, 


hand_1	    0.9068,    -1.2371,     2.9658, 

elbow_1	    0.9068,    -0.9289,     2.9658, 

shoulder_1	    0.9068,    -0.6207,     2.9658, 


hand_1	    0.9068,    -1.2371,     2.9658, 

elbow_1	    0.9068,    -0.9289,     2.9658, 

shoulder_1	    0.9068,    -0.6207,     2.9658, 


hand_1	    0.9068,    -1.2371,     2.9658, 

elbow_1	    0.9068,    -0.9289,     2.9658, 

shoulder_1	    0.9068,    -0.6207,     2.9658, 


hand_1	    0.9068,    -1.2371,     2.9658, 

elbow_1	    0.9068,    -0.9289,     2.9658, 

shoulder_1	    0.9068,    -0.6207,     2.9658, 


hand_1	    0.9068,    -1.2371,     2.9658, 

elbow_1	    0.9068,    -0.9289,     2.9658, 

shoulder_1	    0.9068,    -0.6207,     2.9658, 


hand_1	    0.9068,    -1.2371,     2.9658, 

elbow_1	    0.9068,    -0.9289,     2.9658, 

shoulder_1	    0.9068,    -0.6207,     2.9658, 


hand_1	    0.9068,    -1.2371,     2.9658, 

elbow_1	    0.9068,    -0.9289,     2.9658, 

shoulder_1	    0.9068,    -0.6207,     2.9658, 


hand_1	    0.9068,    -1.2371,     2.9658, 

elbow_1	    0.9068,    -0.9289,     2.9658, 

shoulder_1	    0.9068,    -0.6207,     2.9658, 


hand_1	    0.9068,    -1.2371,     2.9658, 

elbow_1	    0.9068,    -0.9289,     2.9658, 

shoulder_1	    0.9068,    -0.6207,     2.9658, 


hand_1	    0.9068,    -1.2371,     2.9658, 

elbow_1	    0.9068,    -0.9289,     2.9658, 

shoulder_1	    0.9068,    -0.6207,     2.9658, 


hand_1	    0.9068,    -1.2371,     2.9658, 

elbow_1	    0.9068,    -0.9289,     2.9658, 

shoulder_1	    0.9068,    -0.6207,     2.9658, 


hand_1	    0.9068,    -1.2371,     2.9658, 

elbow_1	    0.9068,    -0.9289,     2.9658, 

shoulder_1	    0.9068,    -0.6207,     2.9658, 


hand_1	    0.9068,    -1.2371,     2.9658, 

elbow_1	    0.9068,    -0.9289,     2.9658, 

shoulder_1	    0.9068,    -0.6207,     2.9658, 


hand_1	    0.9068,    -1.2371,     2.9658, 

elbow_1	    0.9068,    -0.9289,     2.9658, 

shoulder_1	    0.9068,    -0.6207,     2.9658, 


hand_1	    0.9068,    -1.2371,     2.9658, 

elbow_1	    0.9068,    -0.9289,     2.9658, 

shoulder_1	    0.9068,    -0.6207,     2.9658, 
