0.10   
0.02   
-0.10  
-0.32  
0.10   
0.02   
-0.10  
-0.31  
0.11   
0.04   
-0.12  
-0.33  
0.10   
0.02   
-0.09  
-0.32  
0.09   
0.03   
-0.10  
-0.33  
0.09   
0.04   
-0.11  
-0.34  
0.09   
0.04   
-0.11  
-0.34  
0.08   
0.03   
-0.10  
-0.35  
0.08   
0.03   
-0.10  
-0.35  
0.09   
0.04   
-0.12  
-0.34  
0.10   
0.04   
-0.11  
-0.32  
0.10   
0.05   
-0.05  
-0.36  
0.10   
0.05   
-0.05  
-0.36  
0.13   
0.07   
-0.00  
-0.25  
0.15   
0.09   
-0.04  
-0.29  
0.14   
0.10   
-0.03  
-0.32  
0.15   
0.10   
-0.01  
-0.32  
0.14   
0.10   
-0.01  
-0.30  
0.13   
0.09   
0.01   
-0.30  
0.13   
0.09   
0.04   
-0.30  
0.13   
0.08   
0.05   
-0.30  
0.13   
0.08   
0.05   
-0.30  
0.12   
0.08   
0.09   
-0.30  
0.12   
0.08   
0.09   
-0.30  
0.15   
0.11   
0.09   
-0.28  
0.17   
0.12   
0.10   
-0.23  
0.17   
0.12   
0.13   
-0.20  
0.17   
0.12   
0.18   
-0.22  
0.17   
0.14   
0.20   
-0.34  
0.17   
0.15   
0.22   
-0.39  
0.16   
0.15   
0.26   
-0.42  
0.16   
0.15   
0.26   
-0.42  
0.17   
0.16   
0.25   
-0.49  
0.19   
0.17   
0.32   
-0.52  
0.20   
0.19   
0.35   
-0.55  
0.21   
0.20   
0.40   
-0.61  
0.23   
0.22   
0.43   
-0.61  
0.23   
0.23   
0.43   
-0.64  
0.23   
0.22   
0.49   
-0.71  
0.23   
0.23   
0.51   
-0.60  
0.24   
0.24   
0.47   
-0.61  
0.24   
0.24   
0.47   
-0.61  
0.24   
0.24   
0.45   
-0.63  
0.25   
0.25   
0.51   
-0.60  
0.25   
0.25   
0.53   
-0.58  
0.25   
0.24   
0.54   
-0.52  
0.25   
0.24   
0.52   
-0.61  
0.23   
0.23   
0.51   
-0.77  
0.22   
0.21   
0.49   
-0.89  
0.30   
0.27   
0.43   
-0.98  
0.30   
0.27   
0.43   
-0.98  
0.31   
0.27   
0.43   
-1.02  
0.32   
0.28   
0.41   
-1.00  
0.33   
0.29   
0.40   
-1.02  
0.33   
0.29   
0.40   
-1.02  
0.32   
0.27   
0.40   
-1.04  
0.31   
0.27   
0.40   
-1.01  
0.30   
0.27   
0.40   
-0.98  
0.28   
0.27   
0.50   
-0.80  
0.28   
0.28   
0.50   
-0.68  
0.28   
0.28   
0.43   
-0.75  
0.28   
0.28   
0.37   
-0.81  
0.29   
0.29   
0.31   
-0.93  
0.29   
0.29   
0.28   
-1.00  
0.29   
0.29   
0.28   
-0.96  
0.29   
0.29   
0.28   
-0.96  
0.30   
0.30   
0.58   
-0.81  
0.27   
0.27   
0.62   
-0.80  
0.31   
0.30   
0.41   
-0.83  
0.31   
0.30   
0.41   
-0.83  
0.32   
0.31   
0.36   
-0.82  
0.32   
0.32   
0.39   
-0.77  
0.32   
0.32   
0.32   
-0.82  
0.31   
0.31   
0.29   
-0.85  
0.31   
0.31   
0.29   
-0.85  
0.32   
0.32   
0.24   
-0.92  
0.32   
0.32   
0.23   
-0.96  
0.33   
0.33   
0.23   
-0.91  
0.33   
0.33   
0.23   
-0.91  
0.34   
0.33   
0.40   
-0.75  
0.34   
0.33   
0.42   
-0.71  
0.34   
0.33   
0.42   
-0.71  
0.35   
0.34   
0.44   
-0.68  
0.34   
0.33   
0.45   
-0.70  
0.33   
0.32   
0.35   
-0.79  
0.32   
0.32   
0.37   
-0.79  
0.31   
0.30   
0.34   
-0.86  
0.31   
0.31   
0.49   
-0.71  
0.31   
0.31   
0.49   
-0.71  
0.33   
0.33   
0.58   
-0.59  
0.34   
0.33   
0.59   
-0.59  
0.34   
0.33   
0.35   
-0.83  
0.40   
0.17   
0.41   
-1.19  
0.40   
0.17   
0.41   
-1.19  
0.32   
0.21   
0.40   
-1.06  
0.32   
0.21   
0.40   
-1.06  
0.28   
0.25   
0.43   
-0.88  
0.27   
0.26   
0.48   
-0.73  
0.26   
0.26   
0.50   
-0.67  
0.26   
0.26   
0.50   
-0.67  
0.25   
0.25   
0.51   
-0.67  
0.26   
0.26   
0.52   
-0.72  
0.25   
0.25   
0.54   
-0.65  
0.25   
0.25   
0.54   
-0.65  
0.25   
0.25   
0.54   
-0.65  
0.25   
0.25   
0.54   
-0.65  
0.25   
0.25   
0.54   
-0.65  
0.26   
0.26   
0.46   
-0.63  
0.26   
0.26   
0.39   
-0.66  
0.24   
0.24   
0.38   
-0.66  
0.22   
0.22   
0.39   
-0.69  
0.22   
0.22   
0.31   
-0.66  
0.21   
0.21   
0.31   
-0.55  
0.21   
0.21   
0.29   
-0.52  
0.20   
0.20   
0.27   
-0.56  
0.20   
0.20   
0.27   
-0.56  
0.20   
0.19   
0.27   
-0.49  
0.20   
0.19   
0.23   
-0.44  
0.18   
0.17   
0.24   
-0.42  
0.17   
0.15   
0.21   
-0.38  
0.18   
0.16   
0.21   
-0.36  
0.19   
0.15   
0.24   
-0.30  
0.19   
0.15   
0.24   
-0.30  
0.19   
0.14   
0.22   
-0.27  
0.16   
0.13   
0.22   
-0.33  
0.16   
0.13   
0.21   
-0.33  
0.17   
0.13   
0.18   
-0.31  
0.18   
0.14   
0.15   
-0.24  
0.18   
0.14   
0.15   
-0.24  
0.18   
0.13   
0.14   
-0.28  
0.16   
0.13   
0.13   
-0.35  
0.18   
0.15   
0.11   
-0.35  
0.17   
0.14   
0.11   
-0.38  
0.15   
0.13   
0.14   
-0.39  
0.14   
0.11   
0.12   
-0.36  
0.15   
0.13   
0.07   
-0.38  
0.15   
0.14   
0.06   
-0.37  
0.15   
0.13   
0.07   
-0.34  
0.15   
0.14   
0.05   
-0.32  
0.16   
0.15   
0.05   
-0.36  
0.17   
0.16   
0.04   
-0.36  
0.15   
0.14   
0.05   
-0.36  
0.15   
0.14   
0.05   
-0.32  
0.13   
0.13   
0.06   
-0.32  
0.13   
0.13   
0.06   
-0.32  
0.18   
0.17   
0.06   
-0.34  
0.16   
0.14   
0.07   
-0.31  
0.13   
0.13   
0.09   
-0.37  
0.13   
0.11   
0.10   
-0.35  
0.16   
0.13   
0.08   
-0.36  
0.18   
0.13   
0.10   
-0.32  
0.19   
0.14   
0.09   
-0.30  
0.19   
0.14   
0.09   
-0.30  
0.19   
0.15   
0.09   
-0.33  
0.17   
0.14   
0.11   
-0.38  
0.17   
0.14   
0.10   
-0.39  
0.17   
0.13   
0.10   
-0.35  
0.18   
0.11   
0.11   
-0.29  
0.18   
0.11   
0.11   
-0.29  
0.18   
0.10   
0.12   
-0.25  
0.19   
0.11   
0.11   
-0.23  
0.20   
0.12   
0.12   
-0.23  
0.21   
0.10   
0.13   
-0.18  
0.21   
0.11   
0.13   
-0.15  
0.20   
0.11   
0.15   
-0.20  
0.21   
0.10   
0.14   
-0.22  
0.23   
0.10   
0.13   
-0.20  
0.23   
0.10   
0.13   
-0.20  
0.25   
0.10   
0.12   
-0.17  
0.24   
0.14   
0.08   
-0.21  
0.26   
0.12   
0.10   
-0.16  
0.30   
0.15   
0.08   
-0.10  
0.28   
0.16   
0.07   
-0.18  
0.23   
0.14   
0.09   
-0.23  
0.21   
0.12   
0.11   
-0.20  
0.20   
0.12   
0.11   
-0.17  
0.20   
0.12   
0.11   
-0.17  
0.19   
0.11   
0.11   
-0.14  
0.18   
0.11   
0.11   
-0.20  
0.17   
0.11   
0.11   
-0.24  
0.15   
0.12   
0.12   
-0.29  
0.16   
0.11   
0.13   
-0.25  
0.17   
0.11   
0.15   
-0.24  
0.16   
0.11   
0.15   
-0.28  
0.17   
0.11   
0.16   
-0.29  
0.18   
0.11   
0.17   
-0.30  
0.20   
0.11   
0.17   
-0.29  
0.19   
0.11   
0.18   
-0.20  
0.19   
0.11   
0.18   
-0.20  
0.18   
0.12   
0.14   
-0.18  
0.15   
0.11   
0.15   
-0.19  
0.15   
0.12   
0.13   
-0.23  
0.15   
0.11   
0.12   
-0.23  
0.15   
0.11   
0.12   
-0.25  
0.15   
0.10   
0.12   
-0.20  
0.18   
0.11   
0.12   
-0.14  
0.18   
0.11   
0.12   
-0.14  
0.18   
0.11   
0.10   
-0.16  
0.19   
0.12   
0.09   
-0.18  
0.18   
0.12   
0.07   
-0.19  
0.18   
0.13   
0.06   
-0.20  
0.18   
0.12   
0.06   
-0.18  
0.18   
0.11   
0.06   
-0.14  
0.12   
0.11   
0.04   
-0.30  
0.11   
0.10   
0.06   
-0.32  
0.09   
0.08   
0.07   
-0.29  
0.10   
0.10   
0.06   
-0.26  
0.10   
0.09   
0.06   
-0.25  
0.13   
0.12   
0.04   
-0.25  
0.13   
0.12   
0.04   
-0.25  
0.13   
0.13   
0.02   
-0.31  
0.12   
0.12   
0.02   
-0.31  
0.12   
0.12   
0.06   
-0.35  
0.12   
0.11   
0.06   
-0.39  
0.10   
0.10   
0.07   
-0.36  
0.11   
0.11   
0.06   
-0.28  
0.10   
0.10   
0.05   
-0.26  
0.10   
0.10   
0.01   
-0.27  
0.11   
0.11   
-0.04  
-0.29  
0.11   
0.11   
-0.04  
-0.29  
0.15   
0.12   
-0.09  
-0.27  
0.16   
0.14   
-0.14  
-0.33  
0.16   
0.16   
-0.17  
-0.38  
0.18   
0.18   
-0.20  
-0.42  
0.21   
0.21   
-0.24  
-0.47  
0.24   
0.24   
-0.28  
-0.53  
0.23   
0.23   
-0.31  
-0.54  
0.24   
0.23   
-0.31  
-0.54  
0.26   
0.25   
-0.33  
-0.58  
0.29   
0.27   
-0.35  
-0.64  
0.28   
0.27   
-0.37  
-0.65  
0.30   
0.29   
-0.38  
-0.69  
0.33   
0.32   
-0.41  
-0.75  
0.33   
0.32   
-0.40  
-0.74  
0.33   
0.32   
-0.40  
-0.74  
0.34   
0.33   
-0.41  
-0.78  
0.36   
0.36   
-0.44  
-0.82  
0.37   
0.36   
-0.46  
-0.85  
0.37   
0.36   
-0.46  
-0.85  
0.37   
0.36   
-0.46  
-0.88  
0.38   
0.37   
-0.48  
-0.93  
0.38   
0.36   
-0.48  
-0.95  
0.39   
0.37   
-0.50  
-0.99  
0.43   
0.39   
-0.53  
-1.13  
0.43   
0.39   
-0.53  
-1.13  
0.43   
0.40   
-0.56  
-1.18  
0.42   
0.38   
-0.56  
-1.20  
0.40   
0.35   
-0.57  
-1.24  
0.40   
0.35   
-0.60  
-1.29  
0.41   
0.34   
-0.61  
-1.33  
0.45   
0.36   
-0.65  
-1.44  
0.48   
0.35   
-0.66  
-1.49  
0.42   
0.37   
-0.72  
-1.37  
0.42   
0.37   
-0.72  
-1.37  
0.46   
0.39   
-0.66  
-1.31  
0.46   
0.36   
-0.58  
-1.13  
0.48   
0.36   
-0.55  
-1.03  
0.51   
0.38   
-0.54  
-0.99  
0.43   
0.37   
-0.50  
-0.89  
0.36   
0.33   
-0.46  
-0.79  
0.29   
0.28   
-0.42  
-0.70  
0.24   
0.23   
-0.37  
-0.61  
0.19   
0.19   
-0.33  
-0.53  
0.12   
0.12   
-0.26  
-0.41  
0.10   
0.10   
-0.23  
-0.36  
0.06   
0.06   
-0.18  
-0.27  
0.05   
0.05   
-0.16  
-0.24  
0.04   
0.04   
-0.14  
-0.21  
0.02   
0.02   
-0.10  
-0.15  
0.01   
0.01   
-0.08  
-0.12  
0.01   
0.01   
-0.07  
-0.10  
0.01   
0.01   
-0.06  
-0.09  
0.01   
0.01   
-0.06  
-0.09  
0.04   
0.04   
-0.06  
-0.11  
0.01   
0.01   
-0.05  
-0.08  
0.01   
0.01   
-0.05  
-0.07  
0.01   
0.01   
-0.05  
-0.07  
0.01   
0.01   
-0.05  
-0.07  
0.00   
0.00   
-0.04  
-0.07  
0.00   
0.00   
-0.04  
-0.06  
0.00   
0.00   
-0.04  
-0.06  
0.00   
0.00   
-0.03  
-0.05  
0.00   
0.00   
-0.03  
-0.04  
0.00   
0.00   
-0.03  
-0.04  
0.00   
0.00   
-0.02  
-0.04  
0.00   
0.00   
-0.02  
-0.03  
0.00   
0.00   
-0.02  
-0.03  
0.00   
0.00   
-0.02  
-0.03  
0.00   
0.00   
-0.01  
-0.02  
0.00   
0.00   
-0.01  
-0.02  
0.00   
0.00   
-0.01  
-0.02  
0.00   
0.00   
-0.01  
-0.02  
0.00   
0.00   
-0.01  
-0.02  
0.00   
0.00   
-0.01  
-0.01  
0.00   
0.00   
-0.01  
-0.01  
0.00   
0.00   
-0.01  
-0.01  
0.00   
0.00   
-0.00  
-0.01  
0.00   
0.00   
-0.00  
-0.01  
0.00   
0.00   
-0.00  
-0.01  
0.00   
0.00   
-0.00  
-0.01  
0.00   
0.00   
-0.00  
-0.01  
0.00   
0.00   
-0.00  
-0.00  
0.00   
0.00   
-0.00  
-0.00  
0.00   
0.00   
-0.00  
-0.00  
0.23   
0.21   
0.00   
-0.42  
0.14   
0.13   
0.01   
-0.31  
0.14   
0.13   
0.01   
-0.31  
0.12   
0.11   
0.01   
-0.27  
0.09   
0.08   
0.01   
-0.24  
0.07   
0.07   
0.01   
-0.21  
0.07   
0.07   
0.01   
-0.21  
0.06   
0.05   
0.01   
-0.18  
0.05   
0.04   
0.01   
-0.16  
0.05   
0.04   
0.01   
-0.16  
0.04   
0.03   
0.01   
-0.14  
0.04   
0.03   
0.01   
-0.14  
0.04   
0.03   
0.01   
-0.14  
0.03   
0.03   
0.01   
-0.12  
0.02   
0.02   
0.01   
-0.11  
0.02   
0.02   
0.01   
-0.11  
0.02   
0.02   
0.01   
-0.10  
0.02   
0.01   
0.01   
-0.09  
0.01   
0.01   
0.01   
-0.07  
0.01   
0.01   
0.01   
-0.06  
0.01   
0.01   
0.01   
-0.06  
0.01   
0.01   
0.01   
-0.06  
0.01   
0.00   
0.01   
-0.05  
0.00   
0.00   
0.01   
-0.04  
0.00   
0.00   
0.01   
-0.04  
0.00   
0.00   
0.00   
-0.04  
0.00   
0.00   
0.00   
-0.03  
0.00   
0.00   
0.00   
-0.03  
0.00   
0.00   
0.00   
-0.03  
0.00   
0.00   
0.00   
-0.02  
0.00   
0.00   
0.00   
-0.02  
0.00   
0.00   
0.00   
-0.02  
0.00   
0.00   
0.00   
-0.02  
0.00   
0.00   
0.00   
-0.02  
0.00   
0.00   
0.00   
-0.01  
0.00   
0.00   
0.00   
-0.01  
0.28   
0.09   
0.02   
-0.66  
0.22   
0.08   
0.02   
-0.56  
0.22   
0.08   
0.02   
-0.56  
0.18   
0.06   
0.02   
-0.49  
0.14   
0.05   
0.02   
-0.42  
0.11   
0.04   
0.02   
-0.36  
0.09   
0.03   
0.01   
-0.32  
0.07   
0.03   
0.01   
-0.28  
0.06   
0.02   
0.01   
-0.24  
0.04   
0.01   
0.01   
-0.19  
0.03   
0.01   
0.01   
-0.16  
0.03   
0.01   
0.01   
-0.16  
0.02   
0.01   
0.01   
-0.14  
0.02   
0.01   
0.01   
-0.13  
0.02   
0.01   
0.01   
-0.11  
0.01   
0.00   
0.01   
-0.10  
0.01   
0.00   
0.01   
-0.09  
0.01   
0.00   
0.01   
-0.08  
0.01   
0.00   
0.01   
-0.07  
0.01   
0.00   
0.01   
-0.06  
0.00   
0.00   
0.00   
-0.06  
0.00   
0.00   
0.00   
-0.05  
0.00   
0.00   
0.00   
-0.05  
0.00   
0.00   
0.00   
-0.04  
0.00   
0.00   
0.00   
-0.04  
0.00   
0.00   
0.00   
-0.03  
0.00   
0.00   
0.00   
-0.03  
0.00   
0.00   
0.00   
-0.03  
0.00   
0.00   
0.00   
-0.02  
0.00   
0.00   
0.00   
-0.02  
0.00   
0.00   
0.00   
-0.02  
0.00   
0.00   
0.00   
-0.02  
0.00   
0.00   
0.00   
-0.01  
0.00   
0.00   
0.00   
-0.01  
0.00   
0.00   
0.00   
-0.01  
0.00   
0.00   
0.00   
-0.01  
0.00   
0.00   
0.00   
-0.01  
0.00   
0.00   
0.00   
-0.01  
0.00   
0.00   
0.00   
-0.01  
0.00   
0.00   
0.00   
-0.01  
0.00   
0.00   
0.00   
-0.01  
0.00   
0.00   
0.00   
-0.01  
0.00   
0.00   
0.00   
-0.01  
0.00   
0.00   
0.00   
-0.00  
0.00   
0.00   
0.00   
-0.00  
0.00   
0.00   
0.00   
-0.00  
0.00   
0.00   
0.00   
-0.00  
0.00   
0.00   
0.00   
-0.00  
0.00   
0.00   
0.00   
-0.00  
0.00   
0.00   
0.00   
-0.00  
0.00   
0.00   
0.00   
-0.00  
0.00   
0.00   
0.00   
-0.00  
0.00   
0.00   
0.00   
-0.00  
0.00   
0.00   
0.00   
-0.00  
0.00   
-0.00  
0.00   
-0.00  
0.00   
-0.00  
0.00   
-0.00  
0.00   
-0.00  
0.00   
-0.00  
0.00   
-0.00  
0.00   
-0.00  
0.00   
-0.00  
0.00   
-0.00  
0.00   
-0.00  
0.00   
-0.00  
0.00   
-0.00  
0.00   
-0.00  
0.00   
-0.00  
0.00   
-0.00  
0.00   
-0.00  
0.00   
-0.00  
0.00   
-0.00  
0.00   
-0.00  
0.00   
-0.00  
0.00   
-0.00  
0.00   
-0.00  
0.00   
-0.00  
0.00   
-0.00  
0.00   
-0.00  
0.00   
-0.00  
0.00   
-0.00  
0.00   
-0.00  
0.00   
-0.00  
0.00   
-0.00  
0.00   
-0.00  
0.00   
-0.00  
0.00   
-0.00  
0.00   
-0.00  
0.00   
-0.00  
0.00   
-0.00  
0.00   
-0.00  
0.00   
-0.00  
0.00   
-0.00  
0.00   
-0.00  
0.00   
-0.00  
0.00   
-0.00  
0.00   
-0.00  
0.00   
-0.00  
0.00   
-0.00  
0.00   
-0.00  
0.00   
-0.00  
0.00   
-0.00  
0.00   
-0.00  
0.00   
-0.00  
0.00   
-0.00  
0.00   
-0.00  
0.00   
-0.00  
0.00   
-0.00  
0.00   
-0.00  
0.00   
-0.00  
0.00   
-0.00  
0.00   
-0.00  
0.00   
-0.00  
0.00   
-0.00  
0.00   
-0.00  
0.00   
-0.00  
0.00   
-0.00  
0.00   
-0.00  
0.00   
-0.00  
0.00   
-0.00  
0.00   
-0.00  
0.00   
-0.00  
0.00   
-0.00  
0.00   
-0.00  
0.00   
-0.00  
0.00   
-0.00  
0.00   
-0.00  
0.00   
-0.00  
0.00   
-0.00  
0.00   
-0.00  
0.00   
-0.00  
0.00   
-0.00  
0.00   
-0.00  
0.00   
-0.00  
0.00   
-0.00  
0.00   
-0.00  
0.00   
-0.00  
0.00   
-0.00  
0.00   
-0.00  
0.00   
-0.00  
0.00   
-0.00  
0.00   
-0.00  
0.00   
-0.00  
0.00   
-0.00  
0.00   
-0.00  
0.00   
-0.00  
0.00   
-0.00  
0.00   
-0.00  
0.00   
-0.00  
0.00   
-0.00  
0.00   
-0.00  
0.00   
-0.00  
0.00   
-0.00  
0.00   
-0.00  
0.00   
-0.00  
0.00   
-0.00  
0.00   
-0.00  
0.00   
-0.00  
0.00   
-0.00  
0.00   
-0.00  
0.00   
-0.00  
0.00   
-0.00  
0.00   
-0.00  
0.00   
-0.00  
0.00   
-0.00  
0.00   
-0.00  
0.00   
-0.00  
0.00   
-0.00  
0.00   
-0.00  
0.00   
-0.00  
0.00   
-0.00  
0.00   
-0.00  
0.00   
-0.00  
0.00   
-0.00  
0.00   
-0.00  
0.00   
-0.00  
0.00   
-0.00  
0.00   
-0.00  
0.00   
-0.00  
0.00   
-0.00  
0.00   
-0.00  
0.00   
-0.00  
0.00   
-0.00  
0.00   
-0.00  
0.00   
-0.00  
0.00   
-0.00  
0.00   
-0.00  
0.00   
-0.00  
0.00   
-0.00  
0.00   
-0.00  
0.00   
-0.00  
0.00   
-0.00  
0.00   
-0.00  
0.00   
-0.00  
0.00   
-0.00  
0.00   
-0.00  
0.00   
-0.00  
0.00   
-0.00  
0.00   
-0.00  
0.00   
-0.00  
0.00   
-0.00  
0.00   
-0.00  
0.00   
-0.00  
0.00   
-0.00  
0.00   
-0.00  
0.00   
-0.00  
0.00   
-0.00  
0.00   
-0.00  
0.00   
-0.00  
0.00   
-0.00  
0.00   
-0.00  
0.00   
-0.00  
0.00   
-0.00  
0.00   
-0.00  
0.00   
-0.00  
0.00   
-0.00  
0.00   
-0.00  
0.00   
-0.00  
0.00   
-0.00  
0.00   
-0.00  
0.00   
-0.00  
0.00   
-0.00  
0.00   
-0.00  
0.00   
-0.00  
0.00   
-0.00  
0.00   
-0.00  
0.00   
-0.00  
0.00   
-0.00  
0.00   
-0.00  
0.00   
-0.00  
0.00   
-0.00  
0.00   
-0.00  
0.00   
-0.00  
0.00   
-0.00  
0.00   
-0.00  
0.00   
-0.00  
0.00   
-0.00  
0.00   
-0.00  
0.00   
-0.00  
0.00   
-0.00  
0.00   
-0.00  
0.00   
-0.00  
0.00   
-0.00  
0.00   
-0.00  
0.00   
-0.00  
0.00   
-0.00  
0.00   
-0.00  
0.00   
-0.00  
0.00   
-0.00  
0.00   
-0.00  
0.00   
-0.00  
0.00   
-0.00  
0.00   
-0.00  
0.00   
-0.00  
0.00   
-0.00  
0.00   
-0.00  
0.00   
-0.00  
0.00   
-0.00  
0.00   
-0.00  
0.00   
-0.00  
0.00   
-0.00  
0.00   
-0.00  
0.00   
-0.00  
0.00   
-0.00  
0.00   
-0.00  
0.00   
-0.00  
0.00   
-0.00  
0.00   
-0.00  
0.00   
-0.00  
0.00   
-0.00  
0.00   
-0.00  
0.00   
-0.00  
0.00   
-0.00  
0.00   
-0.00  
0.00   
-0.00  
0.00   
-0.00  
0.00   
-0.00  
0.00   
-0.00  
0.00   
-0.00  
0.00   
-0.00  
0.00   
-0.00  
0.00   
-0.00  
0.00   
-0.00  
0.00   
-0.00  
0.00   
-0.00  
0.00   
-0.00  
0.00   
-0.00  
0.00   
-0.00  
0.00   
-0.00  
0.00   
-0.00  
0.00   
-0.00  
0.00   
-0.00  
0.00   
-0.00  
0.00   
-0.00  
0.00   
-0.00  
0.00   
-0.00  
0.00   
-0.00  
0.00   
-0.00  
0.00   
-0.00  
0.00   
-0.00  
0.00   
-0.00  
0.00   
-0.00  
0.00   
-0.00  
0.00   
-0.00  
0.00   
-0.00  
0.00   
-0.00  
0.00   
-0.00  
0.00   
-0.00  
0.00   
-0.00  
0.00   
-0.00  
0.00   
-0.00  
0.00   
-0.00  
0.00   
-0.00  
0.00   
-0.00  
0.00   
-0.00  
