0.30   
0.30   
0.05   
-0.53  
0.31   
0.31   
0.04   
-0.57  
0.30   
0.30   
0.05   
-0.46  
0.30   
0.30   
0.07   
-0.44  
0.30   
0.29   
0.06   
-0.48  
0.32   
0.31   
0.04   
-0.45  
0.32   
0.31   
0.04   
-0.45  
0.31   
0.31   
0.04   
-0.50  
0.31   
0.31   
0.04   
-0.50  
0.32   
0.31   
0.04   
-0.48  
0.30   
0.29   
0.05   
-0.45  
0.28   
0.27   
0.02   
-0.62  
0.28   
0.27   
0.02   
-0.62  
0.29   
0.27   
0.01   
-0.67  
0.28   
0.26   
0.03   
-0.52  
0.29   
0.26   
0.04   
-0.43  
0.27   
0.26   
0.05   
-0.48  
0.28   
0.27   
0.05   
-0.53  
0.27   
0.27   
0.05   
-0.53  
0.27   
0.26   
0.05   
-0.53  
0.26   
0.25   
0.07   
-0.47  
0.26   
0.25   
0.07   
-0.47  
0.26   
0.25   
0.08   
-0.44  
0.26   
0.25   
0.08   
-0.44  
0.26   
0.26   
0.07   
-0.49  
0.26   
0.26   
0.09   
-0.49  
0.27   
0.27   
0.09   
-0.47  
0.27   
0.27   
0.11   
-0.44  
0.28   
0.28   
0.14   
-0.45  
0.28   
0.28   
0.14   
-0.45  
0.27   
0.27   
0.21   
-0.39  
0.27   
0.27   
0.21   
-0.39  
0.26   
0.26   
0.23   
-0.37  
0.26   
0.25   
0.24   
-0.30  
0.27   
0.26   
0.24   
-0.31  
0.28   
0.27   
0.26   
-0.32  
0.32   
0.32   
0.24   
-0.39  
0.35   
0.34   
0.24   
-0.46  
0.37   
0.37   
0.26   
-0.47  
0.39   
0.38   
0.32   
-0.45  
0.39   
0.39   
0.33   
-0.47  
0.39   
0.39   
0.33   
-0.47  
0.39   
0.39   
0.34   
-0.53  
0.39   
0.39   
0.36   
-0.51  
0.39   
0.39   
0.38   
-0.55  
0.40   
0.40   
0.41   
-0.55  
0.39   
0.39   
0.44   
-0.56  
0.40   
0.40   
0.49   
-0.54  
0.41   
0.41   
0.51   
-0.55  
0.40   
0.40   
0.52   
-0.61  
0.40   
0.40   
0.52   
-0.61  
0.40   
0.40   
0.55   
-0.81  
0.41   
0.41   
0.53   
-0.81  
0.43   
0.42   
0.57   
-0.71  
0.43   
0.43   
0.59   
-0.71  
0.45   
0.44   
0.60   
-0.73  
0.46   
0.45   
0.56   
-0.74  
0.47   
0.47   
0.57   
-0.73  
0.47   
0.47   
0.61   
-0.71  
0.44   
0.44   
0.64   
-0.69  
0.46   
0.45   
0.62   
-0.75  
0.46   
0.46   
0.62   
-0.77  
0.46   
0.46   
0.63   
-0.76  
0.47   
0.47   
0.60   
-0.76  
0.48   
0.48   
0.62   
-0.79  
0.48   
0.48   
0.62   
-0.79  
0.48   
0.47   
0.64   
-0.78  
0.46   
0.46   
0.71   
-0.66  
0.47   
0.46   
0.69   
-0.79  
0.47   
0.46   
0.69   
-0.79  
0.48   
0.47   
0.69   
-0.81  
0.49   
0.47   
0.67   
-0.85  
0.47   
0.46   
0.69   
-0.81  
0.48   
0.47   
0.67   
-0.82  
0.48   
0.47   
0.67   
-0.82  
0.49   
0.48   
0.66   
-0.81  
0.47   
0.46   
0.66   
-0.83  
0.47   
0.47   
0.68   
-0.84  
0.47   
0.47   
0.68   
-0.84  
0.46   
0.46   
0.75   
-0.73  
0.47   
0.47   
0.75   
-0.71  
0.47   
0.47   
0.75   
-0.71  
0.46   
0.46   
0.74   
-0.73  
0.47   
0.46   
0.69   
-0.82  
0.48   
0.47   
0.68   
-0.88  
0.46   
0.46   
0.71   
-0.86  
0.47   
0.47   
0.68   
-0.83  
0.47   
0.46   
0.71   
-0.77  
0.47   
0.46   
0.71   
-0.77  
0.45   
0.45   
0.74   
-0.70  
0.45   
0.44   
0.72   
-0.76  
0.45   
0.45   
0.70   
-0.80  
0.43   
0.43   
0.65   
-0.79  
0.43   
0.43   
0.65   
-0.79  
0.42   
0.42   
0.67   
-0.78  
0.42   
0.42   
0.67   
-0.78  
0.42   
0.42   
0.65   
-0.74  
0.43   
0.43   
0.63   
-0.68  
0.43   
0.43   
0.58   
-0.71  
0.43   
0.43   
0.58   
-0.71  
0.44   
0.43   
0.56   
-0.68  
0.41   
0.40   
0.55   
-0.70  
0.39   
0.39   
0.54   
-0.73  
0.39   
0.39   
0.54   
-0.73  
0.39   
0.39   
0.54   
-0.73  
0.39   
0.39   
0.54   
-0.73  
0.39   
0.39   
0.54   
-0.73  
0.40   
0.39   
0.52   
-0.71  
0.39   
0.39   
0.50   
-0.67  
0.38   
0.38   
0.45   
-0.73  
0.38   
0.38   
0.36   
-0.79  
0.38   
0.38   
0.33   
-0.79  
0.38   
0.38   
0.35   
-0.70  
0.38   
0.38   
0.34   
-0.62  
0.36   
0.36   
0.36   
-0.58  
0.36   
0.36   
0.36   
-0.58  
0.34   
0.34   
0.38   
-0.59  
0.35   
0.34   
0.34   
-0.63  
0.33   
0.33   
0.32   
-0.59  
0.34   
0.34   
0.29   
-0.57  
0.33   
0.33   
0.30   
-0.54  
0.33   
0.33   
0.23   
-0.44  
0.33   
0.33   
0.23   
-0.44  
0.33   
0.33   
0.20   
-0.46  
0.33   
0.33   
0.18   
-0.49  
0.32   
0.32   
0.20   
-0.49  
0.30   
0.30   
0.20   
-0.43  
0.27   
0.27   
0.22   
-0.47  
0.27   
0.27   
0.22   
-0.47  
0.26   
0.26   
0.23   
-0.45  
0.25   
0.25   
0.23   
-0.54  
0.27   
0.27   
0.19   
-0.49  
0.26   
0.26   
0.18   
-0.49  
0.25   
0.25   
0.19   
-0.49  
0.23   
0.23   
0.19   
-0.46  
0.22   
0.22   
0.19   
-0.47  
0.22   
0.22   
0.16   
-0.48  
0.23   
0.23   
0.14   
-0.49  
0.24   
0.23   
0.15   
-0.45  
0.23   
0.23   
0.14   
-0.45  
0.22   
0.22   
0.15   
-0.47  
0.23   
0.23   
0.16   
-0.49  
0.24   
0.24   
0.16   
-0.47  
0.24   
0.24   
0.16   
-0.48  
0.24   
0.24   
0.16   
-0.48  
0.22   
0.22   
0.17   
-0.43  
0.24   
0.24   
0.14   
-0.51  
0.24   
0.24   
0.13   
-0.52  
0.25   
0.25   
0.13   
-0.46  
0.25   
0.25   
0.14   
-0.52  
0.25   
0.25   
0.14   
-0.50  
0.25   
0.25   
0.14   
-0.51  
0.25   
0.25   
0.14   
-0.51  
0.25   
0.25   
0.16   
-0.48  
0.26   
0.26   
0.14   
-0.49  
0.26   
0.26   
0.13   
-0.51  
0.26   
0.26   
0.13   
-0.55  
0.27   
0.27   
0.12   
-0.54  
0.27   
0.27   
0.12   
-0.54  
0.27   
0.27   
0.12   
-0.58  
0.28   
0.28   
0.11   
-0.58  
0.26   
0.26   
0.12   
-0.61  
0.27   
0.27   
0.13   
-0.45  
0.27   
0.27   
0.13   
-0.48  
0.27   
0.27   
0.13   
-0.50  
0.28   
0.28   
0.11   
-0.52  
0.28   
0.28   
0.13   
-0.51  
0.28   
0.28   
0.13   
-0.51  
0.28   
0.28   
0.11   
-0.50  
0.27   
0.26   
0.11   
-0.48  
0.27   
0.26   
0.10   
-0.51  
0.26   
0.26   
0.11   
-0.53  
0.27   
0.26   
0.11   
-0.47  
0.27   
0.27   
0.09   
-0.52  
0.28   
0.27   
0.08   
-0.54  
0.28   
0.27   
0.09   
-0.49  
0.28   
0.27   
0.09   
-0.49  
0.29   
0.28   
0.08   
-0.49  
0.30   
0.28   
0.07   
-0.48  
0.31   
0.28   
0.06   
-0.47  
0.29   
0.27   
0.07   
-0.47  
0.30   
0.28   
0.06   
-0.48  
0.32   
0.29   
0.06   
-0.45  
0.33   
0.30   
0.05   
-0.45  
0.34   
0.31   
0.05   
-0.42  
0.32   
0.29   
0.04   
-0.39  
0.31   
0.30   
0.04   
-0.49  
0.30   
0.30   
0.04   
-0.49  
0.30   
0.30   
0.05   
-0.51  
0.29   
0.27   
0.07   
-0.44  
0.28   
0.26   
0.08   
-0.44  
0.26   
0.25   
0.06   
-0.46  
0.27   
0.25   
0.08   
-0.42  
0.27   
0.25   
0.10   
-0.38  
0.27   
0.26   
0.10   
-0.43  
0.27   
0.26   
0.10   
-0.43  
0.27   
0.26   
0.10   
-0.43  
0.23   
0.22   
0.14   
-0.43  
0.24   
0.23   
0.13   
-0.40  
0.24   
0.23   
0.13   
-0.40  
0.22   
0.22   
0.14   
-0.39  
0.22   
0.22   
0.14   
-0.37  
0.23   
0.23   
0.14   
-0.34  
0.22   
0.20   
0.17   
-0.22  
0.22   
0.21   
0.16   
-0.24  
0.24   
0.23   
0.16   
-0.29  
0.23   
0.23   
0.15   
-0.35  
0.24   
0.23   
0.13   
-0.36  
0.23   
0.23   
0.10   
-0.37  
0.23   
0.23   
0.10   
-0.37  
0.25   
0.25   
0.09   
-0.39  
0.24   
0.24   
0.10   
-0.43  
0.27   
0.27   
0.09   
-0.43  
0.27   
0.27   
0.09   
-0.43  
0.27   
0.27   
0.07   
-0.60  
0.21   
0.21   
0.12   
-0.52  
0.21   
0.21   
0.10   
-0.46  
0.24   
0.23   
0.07   
-0.48  
0.23   
0.23   
0.11   
-0.44  
0.23   
0.23   
0.11   
-0.44  
0.22   
0.21   
0.14   
-0.43  
0.21   
0.20   
0.11   
-0.39  
0.20   
0.20   
0.06   
-0.31  
0.21   
0.20   
0.05   
-0.33  
0.21   
0.21   
-0.01  
-0.39  
0.21   
0.21   
-0.04  
-0.40  
0.16   
0.16   
-0.11  
-0.42  
0.14   
0.14   
-0.17  
-0.45  
0.13   
0.12   
-0.18  
-0.44  
0.12   
0.11   
-0.20  
-0.44  
0.12   
0.10   
-0.17  
-0.40  
0.12   
0.09   
-0.14  
-0.35  
0.11   
0.07   
-0.11  
-0.31  
0.11   
0.08   
-0.12  
-0.35  
0.11   
0.08   
-0.12  
-0.35  
0.13   
0.08   
-0.05  
-0.26  
0.14   
0.09   
0.03   
-0.34  
0.14   
0.11   
0.06   
-0.41  
0.14   
0.11   
0.06   
-0.41  
0.17   
0.16   
0.07   
-0.47  
0.19   
0.17   
0.11   
-0.35  
0.17   
0.16   
0.15   
-0.36  
0.18   
0.17   
0.23   
-0.34  
0.21   
0.19   
0.21   
-0.46  
0.21   
0.19   
0.21   
-0.46  
0.25   
0.20   
0.22   
-0.51  
0.26   
0.21   
0.26   
-0.44  
0.28   
0.22   
0.27   
-0.50  
0.30   
0.20   
0.31   
-0.62  
0.29   
0.18   
0.36   
-0.59  
0.29   
0.15   
0.44   
-0.57  
0.30   
0.16   
0.30   
-0.41  
0.28   
0.14   
0.23   
-0.44  
0.28   
0.14   
0.23   
-0.44  
0.26   
0.11   
0.18   
-0.48  
0.24   
0.06   
0.17   
-0.54  
0.26   
-0.02  
0.31   
-0.66  
0.31   
-0.03  
0.29   
-0.77  
0.36   
-0.03  
0.26   
-0.86  
0.36   
-0.01  
0.23   
-0.84  
0.31   
-0.01  
0.22   
-0.75  
0.25   
0.00   
0.22   
-0.64  
0.31   
0.00   
0.26   
-0.64  
0.25   
0.06   
0.30   
-0.43  
0.24   
0.07   
0.33   
-0.42  
0.22   
0.11   
0.39   
-0.44  
0.22   
0.12   
0.36   
-0.41  
0.21   
0.12   
0.37   
-0.43  
0.21   
0.07   
0.33   
-0.52  
0.15   
0.10   
0.24   
-0.46  
0.14   
0.10   
0.22   
-0.47  
0.14   
0.10   
0.21   
-0.46  
0.14   
0.10   
0.21   
-0.46  
0.12   
0.10   
0.19   
-0.44  
0.12   
0.10   
0.19   
-0.44  
0.10   
0.09   
0.18   
-0.37  
0.10   
0.09   
0.18   
-0.37  
0.10   
0.09   
0.18   
-0.37  
0.09   
0.09   
0.17   
-0.31  
0.09   
0.08   
0.16   
-0.35  
0.09   
0.08   
0.16   
-0.35  
0.10   
0.08   
0.17   
-0.37  
0.09   
0.08   
0.13   
-0.40  
0.09   
0.08   
0.13   
-0.40  
0.09   
0.07   
0.10   
-0.43  
0.12   
0.06   
0.09   
-0.48  
0.17   
0.04   
0.06   
-0.59  
0.17   
0.04   
0.06   
-0.59  
0.15   
0.01   
0.05   
-0.58  
0.14   
-0.01  
0.06   
-0.53  
0.14   
-0.01  
0.06   
-0.53  
0.13   
-0.01  
0.04   
-0.52  
0.15   
-0.02  
0.02   
-0.56  
0.16   
-0.03  
-0.00  
-0.59  
0.14   
-0.06  
0.01   
-0.57  
0.14   
-0.06  
0.01   
-0.57  
0.14   
-0.07  
0.03   
-0.56  
0.13   
-0.07  
0.13   
-0.51  
0.13   
-0.07  
0.13   
-0.51  
0.12   
-0.07  
0.17   
-0.49  
0.13   
-0.06  
0.19   
-0.49  
0.13   
-0.07  
0.19   
-0.48  
0.12   
-0.07  
0.15   
-0.49  
0.10   
-0.04  
0.20   
-0.53  
0.11   
-0.06  
0.15   
-0.55  
0.10   
-0.05  
0.07   
-0.55  
0.10   
-0.05  
0.07   
-0.55  
0.09   
-0.04  
0.07   
-0.53  
0.10   
-0.03  
0.07   
-0.54  
0.09   
-0.01  
0.05   
-0.52  
0.09   
-0.01  
0.05   
-0.52  
0.08   
-0.01  
0.01   
-0.52  
0.06   
0.01   
0.10   
-0.42  
0.06   
0.01   
0.10   
-0.42  
0.06   
0.01   
0.15   
-0.41  
0.06   
0.01   
0.15   
-0.41  
0.06   
0.01   
0.15   
-0.41  
0.09   
0.01   
0.17   
-0.44  
0.10   
0.03   
0.17   
-0.43  
0.10   
0.03   
0.17   
-0.43  
0.06   
0.04   
0.14   
-0.39  
0.04   
0.03   
0.17   
-0.37  
0.04   
0.03   
0.04   
-0.38  
0.04   
0.04   
0.04   
-0.38  
0.04   
0.04   
0.04   
-0.38  
0.06   
0.05   
0.08   
-0.45  
0.08   
0.07   
0.09   
-0.52  
0.10   
0.06   
0.10   
-0.57  
0.14   
0.06   
0.13   
-0.55  
0.18   
0.09   
0.14   
-0.53  
0.13   
0.09   
0.16   
-0.64  
0.18   
0.11   
0.21   
-0.54  
0.18   
0.11   
0.21   
-0.54  
0.22   
0.12   
0.23   
-0.45  
0.27   
0.12   
0.25   
-0.31  
0.26   
0.12   
0.27   
-0.32  
0.29   
0.13   
0.29   
-0.25  
0.31   
0.15   
0.31   
-0.21  
0.33   
0.17   
0.32   
-0.17  
0.33   
0.19   
0.32   
-0.15  
0.33   
0.20   
0.32   
-0.14  
0.33   
0.19   
0.34   
-0.15  
0.33   
0.19   
0.34   
-0.15  
0.32   
0.18   
0.34   
-0.17  
0.29   
0.17   
0.35   
-0.20  
0.33   
0.17   
0.35   
-0.18  
0.31   
0.19   
0.33   
-0.16  
0.30   
0.18   
0.33   
-0.17  
0.32   
0.18   
0.33   
-0.16  
0.31   
0.20   
0.30   
-0.15  
0.28   
0.17   
0.33   
-0.23  
0.28   
0.17   
0.33   
-0.23  
0.23   
0.18   
0.30   
-0.38  
0.19   
0.15   
0.31   
-0.47  
0.12   
0.12   
0.30   
-0.67  
0.14   
0.10   
0.28   
-0.81  
0.21   
0.10   
0.23   
-0.94  
0.28   
0.11   
0.19   
-1.05  
0.32   
0.10   
0.13   
-1.16  
0.39   
0.15   
-0.66  
-2.05  
0.34   
0.04   
-0.73  
-2.21  
0.42   
-0.12  
-0.60  
-2.27  
0.42   
-0.12  
-0.60  
-2.27  
0.46   
-0.19  
-0.56  
-2.25  
0.48   
-0.22  
-0.58  
-2.21  
0.52   
-0.28  
-0.54  
-2.20  
0.53   
-0.30  
-0.52  
-2.21  
0.55   
-0.34  
-0.51  
-2.19  
0.57   
-0.34  
-0.56  
-2.15  
0.56   
-0.33  
-0.60  
-2.11  
0.57   
-0.36  
-0.63  
-2.04  
0.46   
-0.33  
-0.69  
-1.83  
0.30   
-0.25  
-0.71  
-1.47  
0.30   
-0.25  
-0.71  
-1.47  
0.24   
-0.21  
-0.69  
-1.32  
0.26   
-0.23  
-0.69  
-1.30  
0.16   
-0.14  
-0.61  
-1.06  
0.12   
-0.11  
-0.57  
-0.96  
0.10   
-0.09  
-0.52  
-0.86  
0.08   
-0.07  
-0.48  
-0.78  
0.05   
-0.05  
-0.39  
-0.63  
0.05   
-0.05  
-0.39  
-0.63  
0.04   
-0.04  
-0.36  
-0.57  
0.03   
-0.03  
-0.32  
-0.51  
0.03   
-0.02  
-0.29  
-0.46  
0.02   
-0.02  
-0.26  
-0.42  
0.02   
-0.02  
-0.24  
-0.38  
0.01   
-0.01  
-0.22  
-0.34  
0.01   
-0.01  
-0.18  
-0.32  
0.01   
-0.01  
-0.16  
-0.25  
0.01   
-0.01  
-0.16  
-0.25  
0.01   
-0.01  
-0.14  
-0.22  
0.00   
-0.00  
-0.13  
-0.20  
0.00   
-0.00  
-0.12  
-0.18  
0.00   
-0.00  
-0.10  
-0.16  
0.00   
-0.00  
-0.09  
-0.15  
0.00   
-0.00  
-0.08  
-0.13  
0.00   
-0.00  
-0.07  
-0.11  
0.00   
-0.00  
-0.07  
-0.11  
0.00   
-0.00  
-0.06  
-0.10  
0.00   
-0.00  
-0.06  
-0.09  
0.00   
-0.00  
-0.05  
-0.08  
0.00   
-0.00  
-0.04  
-0.07  
0.00   
-0.00  
-0.04  
-0.06  
0.00   
-0.00  
-0.04  
-0.06  
0.00   
-0.00  
-0.03  
-0.05  
0.00   
-0.00  
-0.02  
-0.03  
0.00   
-0.00  
-0.02  
-0.04  
0.00   
-0.00  
-0.02  
-0.04  
0.00   
-0.00  
-0.02  
-0.03  
0.00   
-0.00  
-0.02  
-0.03  
0.00   
-0.00  
-0.02  
-0.03  
0.00   
-0.00  
-0.02  
-0.02  
0.00   
-0.00  
-0.01  
-0.02  
0.00   
-0.00  
-0.01  
-0.02  
0.00   
-0.00  
-0.01  
-0.02  
0.00   
-0.00  
-0.01  
-0.02  
0.00   
-0.00  
-0.01  
-0.01  
0.00   
-0.00  
-0.01  
-0.01  
0.00   
-0.00  
-0.01  
-0.01  
0.00   
-0.00  
-0.01  
-0.01  
0.00   
-0.00  
-0.01  
-0.01  
0.00   
-0.00  
-0.01  
-0.01  
0.00   
-0.00  
-0.00  
-0.01  
0.00   
-0.00  
-0.00  
-0.01  
0.00   
-0.00  
-0.00  
-0.01  
0.00   
-0.00  
-0.00  
-0.01  
0.00   
-0.00  
-0.00  
-0.01  
0.00   
-0.00  
-0.00  
-0.00  
0.00   
-0.00  
-0.00  
-0.00  
0.00   
-0.00  
-0.00  
-0.00  
0.00   
-0.00  
-0.00  
-0.00  
0.00   
-0.00  
-0.00  
-0.00  
0.00   
-0.00  
-0.00  
-0.00  
0.00   
-0.00  
-0.00  
-0.00  
0.00   
-0.00  
-0.00  
-0.00  
0.00   
-0.00  
-0.00  
-0.00  
0.00   
-0.00  
-0.00  
-0.00  
0.00   
-0.00  
-0.00  
-0.00  
0.00   
-0.00  
-0.00  
-0.00  
0.00   
-0.00  
-0.00  
-0.00  
0.00   
-0.00  
-0.00  
-0.00  
0.00   
-0.00  
-0.00  
-0.00  
0.00   
-0.00  
-0.00  
-0.00  
0.00   
-0.00  
-0.00  
-0.00  
0.00   
-0.00  
-0.00  
-0.00  
0.00   
-0.00  
-0.00  
-0.00  
0.00   
-0.00  
-0.00  
-0.00  
0.00   
-0.00  
-0.00  
-0.00  
0.00   
-0.00  
-0.00  
-0.00  
0.00   
-0.00  
-0.00  
-0.00  
0.00   
-0.00  
-0.00  
-0.00  
0.00   
-0.00  
-0.00  
-0.00  
0.00   
-0.00  
-0.00  
-0.00  
0.00   
-0.00  
-0.00  
-0.00  
0.00   
-0.00  
-0.00  
-0.00  
0.00   
-0.00  
-0.00  
-0.00  
0.00   
-0.00  
-0.00  
-0.00  
0.00   
-0.00  
-0.00  
-0.00  
0.00   
-0.00  
-0.00  
-0.00  
0.00   
-0.00  
-0.00  
-0.00  
0.00   
-0.00  
-0.00  
-0.00  
0.00   
-0.00  
-0.00  
-0.00  
0.00   
-0.00  
-0.00  
-0.00  
0.00   
-0.00  
-0.00  
-0.00  
0.00   
-0.00  
-0.00  
-0.00  
0.00   
-0.00  
-0.00  
-0.00  
0.00   
-0.00  
-0.00  
-0.00  
0.00   
-0.00  
-0.00  
-0.00  
0.00   
-0.00  
-0.00  
-0.00  
0.00   
-0.00  
-0.00  
-0.00  
0.00   
-0.00  
-0.00  
-0.00  
0.00   
-0.00  
-0.00  
-0.00  
0.00   
-0.00  
-0.00  
-0.00  
0.00   
-0.00  
-0.00  
-0.00  
0.00   
-0.00  
-0.00  
-0.00  
0.00   
-0.00  
-0.00  
-0.00  
0.00   
-0.00  
0.00   
-0.00  
0.00   
-0.00  
0.00   
-0.00  
0.00   
-0.00  
0.00   
-0.00  
0.00   
-0.00  
0.00   
-0.00  
0.00   
-0.00  
0.00   
-0.00  
0.00   
-0.00  
0.00   
-0.00  
0.00   
-0.00  
0.00   
-0.00  
0.00   
-0.00  
0.00   
-0.00  
0.00   
-0.00  
0.00   
-0.00  
0.00   
-0.00  
0.00   
-0.00  
0.00   
-0.00  
0.00   
-0.00  
0.00   
-0.00  
0.00   
-0.00  
0.00   
-0.00  
0.00   
-0.00  
0.00   
-0.00  
0.00   
-0.00  
0.00   
-0.00  
0.00   
-0.00  
0.00   
-0.00  
0.00   
-0.00  
0.00   
-0.00  
0.00   
-0.00  
0.00   
-0.00  
0.00   
-0.00  
0.00   
-0.00  
0.00   
-0.00  
0.00   
-0.00  
0.00   
-0.00  
0.00   
-0.00  
0.00   
-0.00  
0.00   
-0.00  
0.00   
-0.00  
0.00   
-0.00  
0.00   
-0.00  
0.00   
-0.00  
0.00   
-0.00  
0.00   
-0.00  
0.00   
-0.00  
0.00   
-0.00  
0.00   
-0.00  
0.00   
-0.00  
0.00   
-0.00  
0.00   
-0.00  
0.00   
-0.00  
0.00   
-0.00  
0.00   
-0.00  
0.00   
-0.00  
0.00   
-0.00  
0.00   
-0.00  
0.00   
-0.00  
0.00   
-0.00  
0.00   
-0.00  
0.00   
-0.00  
0.00   
-0.00  
0.00   
-0.00  
0.00   
-0.00  
0.00   
-0.00  
0.00   
-0.00  
0.00   
-0.00  
0.00   
-0.00  
0.00   
-0.00  
0.00   
-0.00  
0.00   
-0.00  
0.00   
-0.00  
0.00   
-0.00  
0.00   
-0.00  
0.00   
-0.00  
0.00   
-0.00  
0.00   
-0.00  
0.00   
-0.00  
0.00   
-0.00  
0.00   
-0.00  
0.00   
-0.00  
0.00   
-0.00  
0.00   
-0.00  
0.00   
-0.00  
0.00   
-0.00  
0.00   
-0.00  
0.00   
-0.00  
0.00   
-0.00  
0.00   
-0.00  
0.00   
-0.00  
0.00   
-0.00  
0.00   
-0.00  
