

hand_1	    0.1539,    -0.7290,     3.2173, 

elbow_1	    0.1684,    -0.4628,     3.3650, 

shoulder_1	    0.2578,    -0.1761,     3.3746, 


hand_1	    0.1581,    -0.7184,     3.2079, 

elbow_1	    0.1687,    -0.4614,     3.3645, 

shoulder_1	    0.2588,    -0.1767,     3.3746, 


hand_1	    0.1520,    -0.7394,     3.2245, 

elbow_1	    0.1688,    -0.4647,     3.3575, 

shoulder_1	    0.2575,    -0.1781,     3.3725, 


hand_1	    0.1451,    -0.7462,     3.2318, 

elbow_1	    0.1669,    -0.4693,     3.3592, 

shoulder_1	    0.2569,    -0.1768,     3.3716, 


hand_1	    0.1455,    -0.7445,     3.2234, 

elbow_1	    0.1647,    -0.4741,     3.3616, 

shoulder_1	    0.2554,    -0.1737,     3.3728, 


hand_1	    0.1476,    -0.7425,     3.2229, 

elbow_1	    0.1589,    -0.4710,     3.3503, 

shoulder_1	    0.2529,    -0.1770,     3.3711, 


hand_1	    0.1476,    -0.7425,     3.2229, 

elbow_1	    0.1589,    -0.4710,     3.3503, 

shoulder_1	    0.2529,    -0.1770,     3.3711, 


hand_1	    0.1490,    -0.7348,     3.2207, 

elbow_1	    0.1609,    -0.4636,     3.3576, 

shoulder_1	    0.2536,    -0.1744,     3.3691, 


hand_1	    0.1490,    -0.7348,     3.2207, 

elbow_1	    0.1609,    -0.4636,     3.3576, 

shoulder_1	    0.2536,    -0.1744,     3.3691, 


hand_1	    0.1501,    -0.7336,     3.2221, 

elbow_1	    0.1623,    -0.4582,     3.3551, 

shoulder_1	    0.2533,    -0.1769,     3.3691, 


hand_1	    0.1468,    -0.7522,     3.2221, 

elbow_1	    0.1636,    -0.4731,     3.3531, 

shoulder_1	    0.2515,    -0.1823,     3.3681, 


hand_1	    0.1573,    -0.7417,     3.1635, 

elbow_1	    0.1624,    -0.4920,     3.3475, 

shoulder_1	    0.2481,    -0.1864,     3.3667, 


hand_1	    0.1573,    -0.7417,     3.1635, 

elbow_1	    0.1624,    -0.4920,     3.3475, 

shoulder_1	    0.2481,    -0.1864,     3.3667, 


hand_1	    0.1589,    -0.7330,     3.1254, 

elbow_1	    0.1619,    -0.4965,     3.3352, 

shoulder_1	    0.2479,    -0.1867,     3.3671, 


hand_1	    0.1524,    -0.7569,     3.1532, 

elbow_1	    0.1633,    -0.4975,     3.3318, 

shoulder_1	    0.2451,    -0.1870,     3.3712, 


hand_1	    0.1493,    -0.7552,     3.1886, 

elbow_1	    0.1627,    -0.4832,     3.3349, 

shoulder_1	    0.2445,    -0.1835,     3.3704, 


hand_1	    0.1482,    -0.7473,     3.1945, 

elbow_1	    0.1643,    -0.4796,     3.3464, 

shoulder_1	    0.2449,    -0.1811,     3.3703, 


hand_1	    0.1493,    -0.7412,     3.1951, 

elbow_1	    0.1632,    -0.4768,     3.3537, 

shoulder_1	    0.2457,    -0.1796,     3.3705, 


hand_1	    0.1486,    -0.7415,     3.2004, 

elbow_1	    0.1641,    -0.4774,     3.3574, 

shoulder_1	    0.2462,    -0.1811,     3.3719, 


hand_1	    0.1485,    -0.7393,     3.1980, 

elbow_1	    0.1650,    -0.4802,     3.3557, 

shoulder_1	    0.2456,    -0.1821,     3.3715, 


hand_1	    0.1455,    -0.7575,     3.2090, 

elbow_1	    0.1660,    -0.4891,     3.3533, 

shoulder_1	    0.2455,    -0.1816,     3.3706, 


hand_1	    0.1455,    -0.7575,     3.2090, 

elbow_1	    0.1660,    -0.4891,     3.3533, 

shoulder_1	    0.2455,    -0.1816,     3.3706, 


hand_1	    0.1440,    -0.7576,     3.2227, 

elbow_1	    0.1680,    -0.4824,     3.3576, 

shoulder_1	    0.2457,    -0.1829,     3.3726, 


hand_1	    0.1440,    -0.7576,     3.2227, 

elbow_1	    0.1680,    -0.4824,     3.3576, 

shoulder_1	    0.2457,    -0.1829,     3.3726, 


hand_1	    0.1457,    -0.7512,     3.2228, 

elbow_1	    0.1665,    -0.4797,     3.3653, 

shoulder_1	    0.2459,    -0.1851,     3.3722, 


hand_1	    0.1366,    -0.7512,     3.2340, 

elbow_1	    0.1653,    -0.4803,     3.3721, 

shoulder_1	    0.2453,    -0.1845,     3.3721, 


hand_1	    0.1364,    -0.7495,     3.2416, 

elbow_1	    0.1647,    -0.4737,     3.3726, 

shoulder_1	    0.2450,    -0.1838,     3.3726, 


hand_1	    0.1315,    -0.7495,     3.2439, 

elbow_1	    0.1659,    -0.4749,     3.3683, 

shoulder_1	    0.2460,    -0.1863,     3.3707, 


hand_1	    0.1219,    -0.7527,     3.2450, 

elbow_1	    0.1650,    -0.4766,     3.3711, 

shoulder_1	    0.2478,    -0.1855,     3.3684, 


hand_1	    0.1219,    -0.7527,     3.2450, 

elbow_1	    0.1650,    -0.4766,     3.3711, 

shoulder_1	    0.2480,    -0.1852,     3.3685, 


hand_1	    0.1012,    -0.7537,     3.2421, 

elbow_1	    0.1652,    -0.4799,     3.3643, 

shoulder_1	    0.2463,    -0.1873,     3.3707, 


hand_1	    0.1012,    -0.7537,     3.2421, 

elbow_1	    0.1652,    -0.4799,     3.3643, 

shoulder_1	    0.2463,    -0.1873,     3.3707, 


hand_1	    0.0961,    -0.7568,     3.2449, 

elbow_1	    0.1646,    -0.4814,     3.3616, 

shoulder_1	    0.2445,    -0.1848,     3.3695, 


hand_1	    0.0936,    -0.7585,     3.2462, 

elbow_1	    0.1678,    -0.4807,     3.3533, 

shoulder_1	    0.2454,    -0.1823,     3.3698, 


hand_1	    0.0924,    -0.7592,     3.2470, 

elbow_1	    0.1649,    -0.4809,     3.3552, 

shoulder_1	    0.2459,    -0.1826,     3.3720, 


hand_1	    0.0778,    -0.7645,     3.2583, 

elbow_1	    0.1580,    -0.4869,     3.3641, 

shoulder_1	    0.2440,    -0.1822,     3.3744, 


hand_1	    0.0698,    -0.7656,     3.2564, 

elbow_1	    0.1430,    -0.4880,     3.3736, 

shoulder_1	    0.2430,    -0.1822,     3.3732, 


hand_1	    0.0578,    -0.7613,     3.2480, 

elbow_1	    0.1325,    -0.4875,     3.3788, 

shoulder_1	    0.2424,    -0.1810,     3.3720, 


hand_1	    0.0518,    -0.7460,     3.2597, 

elbow_1	    0.1330,    -0.4687,     3.3842, 

shoulder_1	    0.2452,    -0.1790,     3.3683, 


hand_1	    0.0326,    -0.7325,     3.2635, 

elbow_1	    0.1280,    -0.4713,     3.3826, 

shoulder_1	    0.2456,    -0.1793,     3.3677, 


hand_1	    0.0281,    -0.7262,     3.2460, 

elbow_1	    0.1250,    -0.4742,     3.3758, 

shoulder_1	    0.2455,    -0.1806,     3.3687, 


hand_1	    0.0281,    -0.7262,     3.2460, 

elbow_1	    0.1250,    -0.4742,     3.3758, 

shoulder_1	    0.2455,    -0.1806,     3.3687, 


hand_1	    0.0212,    -0.7313,     3.2263, 

elbow_1	    0.1225,    -0.4851,     3.3759, 

shoulder_1	    0.2477,    -0.1793,     3.3701, 


hand_1	    0.0143,    -0.7368,     3.2279, 

elbow_1	    0.1207,    -0.4900,     3.3739, 

shoulder_1	    0.2476,    -0.1806,     3.3704, 


hand_1	    0.0081,    -0.7218,     3.2193, 

elbow_1	    0.1194,    -0.4915,     3.3735, 

shoulder_1	    0.2470,    -0.1803,     3.3732, 


hand_1	    0.0041,    -0.7134,     3.2136, 

elbow_1	    0.1212,    -0.4893,     3.3697, 

shoulder_1	    0.2482,    -0.1850,     3.3717, 


hand_1	    0.0020,    -0.7094,     3.2207, 

elbow_1	    0.1286,    -0.4851,     3.3744, 

shoulder_1	    0.2493,    -0.1886,     3.3725, 


hand_1	   -0.0156,    -0.7042,     3.2263, 

elbow_1	    0.1258,    -0.4856,     3.3717, 

shoulder_1	    0.2504,    -0.1899,     3.3715, 


hand_1	   -0.0207,    -0.7049,     3.2293, 

elbow_1	    0.1244,    -0.4868,     3.3738, 

shoulder_1	    0.2523,    -0.1917,     3.3684, 


hand_1	   -0.0314,    -0.7039,     3.2254, 

elbow_1	    0.1209,    -0.4920,     3.3835, 

shoulder_1	    0.2483,    -0.1902,     3.3733, 


hand_1	   -0.0314,    -0.7039,     3.2254, 

elbow_1	    0.1209,    -0.4920,     3.3835, 

shoulder_1	    0.2483,    -0.1902,     3.3733, 


hand_1	   -0.0529,    -0.6795,     3.1766, 

elbow_1	    0.1109,    -0.5090,     3.3823, 

shoulder_1	    0.2465,    -0.1912,     3.3738, 


hand_1	   -0.0488,    -0.6741,     3.1773, 

elbow_1	    0.1130,    -0.4970,     3.3851, 

shoulder_1	    0.2474,    -0.1900,     3.3721, 


hand_1	   -0.0567,    -0.6764,     3.2070, 

elbow_1	    0.1145,    -0.4830,     3.3881, 

shoulder_1	    0.2472,    -0.1898,     3.3744, 


hand_1	   -0.0635,    -0.6743,     3.2101, 

elbow_1	    0.1132,    -0.4795,     3.3900, 

shoulder_1	    0.2488,    -0.1854,     3.3756, 


hand_1	   -0.0694,    -0.6699,     3.2135, 

elbow_1	    0.1106,    -0.4793,     3.3955, 

shoulder_1	    0.2492,    -0.1870,     3.3742, 


hand_1	   -0.0572,    -0.6699,     3.2154, 

elbow_1	    0.1108,    -0.4751,     3.3988, 

shoulder_1	    0.2498,    -0.1874,     3.3722, 


hand_1	   -0.0590,    -0.6601,     3.2064, 

elbow_1	    0.1084,    -0.4731,     3.3919, 

shoulder_1	    0.2528,    -0.1885,     3.3757, 


hand_1	   -0.0660,    -0.6605,     3.2138, 

elbow_1	    0.1097,    -0.4775,     3.3899, 

shoulder_1	    0.2555,    -0.1888,     3.3742, 


hand_1	   -0.0700,    -0.6633,     3.2225, 

elbow_1	    0.1138,    -0.4798,     3.3885, 

shoulder_1	    0.2526,    -0.1859,     3.3752, 


hand_1	   -0.0718,    -0.6613,     3.2129, 

elbow_1	    0.1074,    -0.4869,     3.3927, 

shoulder_1	    0.2538,    -0.1879,     3.3743, 


hand_1	   -0.0721,    -0.6604,     3.2069, 

elbow_1	    0.1052,    -0.4924,     3.3919, 

shoulder_1	    0.2559,    -0.1856,     3.3754, 


hand_1	   -0.0716,    -0.6597,     3.1970, 

elbow_1	    0.1071,    -0.4967,     3.3814, 

shoulder_1	    0.2588,    -0.1903,     3.3740, 


hand_1	   -0.0643,    -0.6571,     3.1875, 

elbow_1	    0.1071,    -0.4944,     3.3762, 

shoulder_1	    0.2618,    -0.1894,     3.3714, 


hand_1	   -0.0720,    -0.6515,     3.2029, 

elbow_1	    0.1043,    -0.4918,     3.3903, 

shoulder_1	    0.2597,    -0.1926,     3.3732, 


hand_1	   -0.0720,    -0.6515,     3.2029, 

elbow_1	    0.1043,    -0.4918,     3.3903, 

shoulder_1	    0.2597,    -0.1926,     3.3732, 


hand_1	   -0.0818,    -0.6551,     3.2124, 

elbow_1	    0.1043,    -0.4872,     3.3946, 

shoulder_1	    0.2562,    -0.1886,     3.3700, 


hand_1	   -0.0832,    -0.6457,     3.2278, 

elbow_1	    0.1141,    -0.4723,     3.3779, 

shoulder_1	    0.2555,    -0.1864,     3.3711, 


hand_1	   -0.0806,    -0.6265,     3.2145, 

elbow_1	    0.1098,    -0.4771,     3.3885, 

shoulder_1	    0.2560,    -0.1859,     3.3702, 


hand_1	   -0.0806,    -0.6265,     3.2145, 

elbow_1	    0.1098,    -0.4771,     3.3885, 

shoulder_1	    0.2560,    -0.1859,     3.3702, 


hand_1	   -0.0793,    -0.6224,     3.2188, 

elbow_1	    0.1104,    -0.4720,     3.3942, 

shoulder_1	    0.2563,    -0.1855,     3.3709, 


hand_1	   -0.0785,    -0.6184,     3.2175, 

elbow_1	    0.1112,    -0.4670,     3.4026, 

shoulder_1	    0.2569,    -0.1847,     3.3717, 


hand_1	   -0.0757,    -0.6224,     3.2185, 

elbow_1	    0.1161,    -0.4690,     3.3953, 

shoulder_1	    0.2578,    -0.1836,     3.3720, 


hand_1	   -0.0752,    -0.6258,     3.2195, 

elbow_1	    0.1151,    -0.4680,     3.3997, 

shoulder_1	    0.2575,    -0.1890,     3.3700, 


hand_1	   -0.0752,    -0.6258,     3.2195, 

elbow_1	    0.1151,    -0.4680,     3.3997, 

shoulder_1	    0.2575,    -0.1890,     3.3700, 


hand_1	   -0.0732,    -0.6244,     3.2173, 

elbow_1	    0.1145,    -0.4660,     3.3988, 

shoulder_1	    0.2582,    -0.1918,     3.3724, 


hand_1	   -0.0726,    -0.6235,     3.2050, 

elbow_1	    0.1148,    -0.4735,     3.3944, 

shoulder_1	    0.2591,    -0.1856,     3.3754, 


hand_1	   -0.0756,    -0.6154,     3.2031, 

elbow_1	    0.1144,    -0.4733,     3.3902, 

shoulder_1	    0.2586,    -0.1880,     3.3719, 


hand_1	   -0.0756,    -0.6154,     3.2031, 

elbow_1	    0.1144,    -0.4733,     3.3902, 

shoulder_1	    0.2586,    -0.1880,     3.3719, 


hand_1	   -0.0830,    -0.6113,     3.2164, 

elbow_1	    0.1218,    -0.4611,     3.3756, 

shoulder_1	    0.2577,    -0.1884,     3.3695, 


hand_1	   -0.0812,    -0.6118,     3.2169, 

elbow_1	    0.1224,    -0.4575,     3.3728, 

shoulder_1	    0.2591,    -0.1879,     3.3681, 


hand_1	   -0.0812,    -0.6118,     3.2169, 

elbow_1	    0.1224,    -0.4575,     3.3728, 

shoulder_1	    0.2591,    -0.1879,     3.3681, 


hand_1	   -0.0797,    -0.6145,     3.2176, 

elbow_1	    0.1244,    -0.4571,     3.3792, 

shoulder_1	    0.2566,    -0.1890,     3.3696, 


hand_1	   -0.0800,    -0.6153,     3.2008, 

elbow_1	    0.1177,    -0.4676,     3.3866, 

shoulder_1	    0.2568,    -0.1896,     3.3699, 


hand_1	   -0.0806,    -0.6150,     3.2074, 

elbow_1	    0.1138,    -0.4733,     3.3988, 

shoulder_1	    0.2572,    -0.1906,     3.3685, 


hand_1	   -0.0791,    -0.6111,     3.2045, 

elbow_1	    0.1154,    -0.4776,     3.3894, 

shoulder_1	    0.2582,    -0.1906,     3.3710, 


hand_1	   -0.0754,    -0.6233,     3.2108, 

elbow_1	    0.1144,    -0.4779,     3.3933, 

shoulder_1	    0.2584,    -0.1934,     3.3714, 


hand_1	   -0.0740,    -0.6196,     3.2250, 

elbow_1	    0.1193,    -0.4660,     3.3913, 

shoulder_1	    0.2555,    -0.1921,     3.3726, 


hand_1	   -0.0740,    -0.6196,     3.2250, 

elbow_1	    0.1193,    -0.4660,     3.3913, 

shoulder_1	    0.2555,    -0.1921,     3.3726, 


hand_1	   -0.0785,    -0.6179,     3.2370, 

elbow_1	    0.1226,    -0.4565,     3.3841, 

shoulder_1	    0.2520,    -0.1873,     3.3727, 


hand_1	   -0.0779,    -0.6171,     3.2358, 

elbow_1	    0.1206,    -0.4584,     3.3953, 

shoulder_1	    0.2504,    -0.1853,     3.3737, 


hand_1	   -0.0783,    -0.6147,     3.2258, 

elbow_1	    0.1164,    -0.4631,     3.3996, 

shoulder_1	    0.2496,    -0.1859,     3.3801, 


hand_1	   -0.0715,    -0.6384,     3.2068, 

elbow_1	    0.1149,    -0.4765,     3.3915, 

shoulder_1	    0.2464,    -0.1905,     3.3775, 


hand_1	   -0.0715,    -0.6384,     3.2068, 

elbow_1	    0.1149,    -0.4765,     3.3915, 

shoulder_1	    0.2464,    -0.1905,     3.3775, 


hand_1	   -0.0780,    -0.6466,     3.2092, 

elbow_1	    0.1150,    -0.4833,     3.3902, 

shoulder_1	    0.2471,    -0.1881,     3.3770, 


hand_1	   -0.0780,    -0.6466,     3.2092, 

elbow_1	    0.1150,    -0.4833,     3.3902, 

shoulder_1	    0.2471,    -0.1881,     3.3770, 


hand_1	   -0.0617,    -0.6412,     3.2236, 

elbow_1	    0.1225,    -0.4671,     3.3936, 

shoulder_1	    0.2472,    -0.1887,     3.3800, 


hand_1	   -0.0535,    -0.6385,     3.2310, 

elbow_1	    0.1242,    -0.4546,     3.3913, 

shoulder_1	    0.2469,    -0.1855,     3.3786, 


hand_1	   -0.0468,    -0.6477,     3.2175, 

elbow_1	    0.1201,    -0.4613,     3.3932, 

shoulder_1	    0.2476,    -0.1843,     3.3792, 


hand_1	   -0.0468,    -0.6477,     3.2175, 

elbow_1	    0.1201,    -0.4613,     3.3932, 

shoulder_1	    0.2476,    -0.1843,     3.3792, 


hand_1	   -0.0432,    -0.6562,     3.2197, 

elbow_1	    0.1201,    -0.4626,     3.3911, 

shoulder_1	    0.2484,    -0.1855,     3.3783, 


hand_1	   -0.0433,    -0.6753,     3.2179, 

elbow_1	    0.1195,    -0.4793,     3.3951, 

shoulder_1	    0.2468,    -0.1817,     3.3816, 


hand_1	   -0.0343,    -0.6716,     3.2153, 

elbow_1	    0.1238,    -0.4807,     3.3965, 

shoulder_1	    0.2462,    -0.1828,     3.3839, 


hand_1	   -0.0343,    -0.6716,     3.2153, 

elbow_1	    0.1238,    -0.4807,     3.3965, 

shoulder_1	    0.2462,    -0.1828,     3.3839, 


hand_1	   -0.0343,    -0.6716,     3.2153, 

elbow_1	    0.1238,    -0.4807,     3.3965, 

shoulder_1	    0.2462,    -0.1828,     3.3839, 


hand_1	   -0.0343,    -0.6716,     3.2153, 

elbow_1	    0.1238,    -0.4807,     3.3965, 

shoulder_1	    0.2462,    -0.1828,     3.3839, 


hand_1	   -0.0343,    -0.6716,     3.2153, 

elbow_1	    0.1238,    -0.4807,     3.3965, 

shoulder_1	    0.2462,    -0.1828,     3.3839, 


hand_1	   -0.0346,    -0.6840,     3.2078, 

elbow_1	    0.1204,    -0.4893,     3.3923, 

shoulder_1	    0.2462,    -0.1873,     3.3862, 


hand_1	   -0.0255,    -0.6890,     3.2080, 

elbow_1	    0.1207,    -0.4912,     3.3866, 

shoulder_1	    0.2450,    -0.1869,     3.3856, 


hand_1	   -0.0128,    -0.6904,     3.1850, 

elbow_1	    0.1198,    -0.5006,     3.3813, 

shoulder_1	    0.2450,    -0.1857,     3.3821, 


hand_1	    0.0074,    -0.6942,     3.1609, 

elbow_1	    0.1164,    -0.5078,     3.3807, 

shoulder_1	    0.2462,    -0.1807,     3.3845, 


hand_1	    0.0164,    -0.6985,     3.1537, 

elbow_1	    0.1162,    -0.5059,     3.3783, 

shoulder_1	    0.2448,    -0.1797,     3.3861, 


hand_1	    0.0147,    -0.7071,     3.1946, 

elbow_1	    0.1193,    -0.4922,     3.3908, 

shoulder_1	    0.2424,    -0.1832,     3.3884, 


hand_1	    0.0180,    -0.7153,     3.2175, 

elbow_1	    0.1207,    -0.4871,     3.3924, 

shoulder_1	    0.2418,    -0.1838,     3.3891, 


hand_1	    0.0216,    -0.7190,     3.2346, 

elbow_1	    0.1283,    -0.4846,     3.3962, 

shoulder_1	    0.2421,    -0.1828,     3.3900, 


hand_1	    0.0216,    -0.7190,     3.2346, 

elbow_1	    0.1283,    -0.4846,     3.3962, 

shoulder_1	    0.2421,    -0.1828,     3.3900, 


hand_1	    0.0218,    -0.7179,     3.2243, 

elbow_1	    0.1357,    -0.4848,     3.3911, 

shoulder_1	    0.2421,    -0.1813,     3.3887, 


hand_1	    0.0344,    -0.7161,     3.2215, 

elbow_1	    0.1373,    -0.4784,     3.3951, 

shoulder_1	    0.2424,    -0.1845,     3.3843, 


hand_1	    0.0408,    -0.7318,     3.2224, 

elbow_1	    0.1387,    -0.4847,     3.3930, 

shoulder_1	    0.2429,    -0.1834,     3.3867, 


hand_1	    0.0454,    -0.7493,     3.2344, 

elbow_1	    0.1367,    -0.4894,     3.3983, 

shoulder_1	    0.2419,    -0.1888,     3.3863, 


hand_1	    0.0460,    -0.7570,     3.2517, 

elbow_1	    0.1403,    -0.4877,     3.4036, 

shoulder_1	    0.2414,    -0.1926,     3.3865, 


hand_1	    0.0693,    -0.7695,     3.2751, 

elbow_1	    0.1432,    -0.4804,     3.4008, 

shoulder_1	    0.2424,    -0.1898,     3.3889, 


hand_1	    0.0693,    -0.7695,     3.2751, 

elbow_1	    0.1432,    -0.4804,     3.4008, 

shoulder_1	    0.2424,    -0.1898,     3.3889, 


hand_1	    0.0804,    -0.7661,     3.2678, 

elbow_1	    0.1456,    -0.4722,     3.3994, 

shoulder_1	    0.2413,    -0.1904,     3.3883, 


hand_1	    0.0856,    -0.7608,     3.2536, 

elbow_1	    0.1453,    -0.4691,     3.3942, 

shoulder_1	    0.2406,    -0.1927,     3.3848, 


hand_1	    0.0883,    -0.7428,     3.2476, 

elbow_1	    0.1536,    -0.4600,     3.3931, 

shoulder_1	    0.2403,    -0.1978,     3.3872, 


hand_1	    0.0904,    -0.7507,     3.2465, 

elbow_1	    0.1537,    -0.4713,     3.3815, 

shoulder_1	    0.2405,    -0.1932,     3.3855, 


hand_1	    0.0906,    -0.7531,     3.2429, 

elbow_1	    0.1598,    -0.4811,     3.3853, 

shoulder_1	    0.2405,    -0.1928,     3.3852, 


hand_1	    0.0906,    -0.7531,     3.2429, 

elbow_1	    0.1598,    -0.4811,     3.3853, 

shoulder_1	    0.2405,    -0.1928,     3.3852, 


hand_1	    0.0912,    -0.7564,     3.2451, 

elbow_1	    0.1624,    -0.4851,     3.3836, 

shoulder_1	    0.2409,    -0.1891,     3.3872, 


hand_1	    0.0934,    -0.7504,     3.2164, 

elbow_1	    0.1647,    -0.4930,     3.3813, 

shoulder_1	    0.2417,    -0.1871,     3.3869, 


hand_1	    0.1043,    -0.7398,     3.2345, 

elbow_1	    0.1634,    -0.4750,     3.3812, 

shoulder_1	    0.2412,    -0.1913,     3.3831, 


hand_1	    0.1082,    -0.7461,     3.2393, 

elbow_1	    0.1637,    -0.4801,     3.3806, 

shoulder_1	    0.2413,    -0.1922,     3.3798, 


hand_1	    0.1063,    -0.7516,     3.2392, 

elbow_1	    0.1648,    -0.4860,     3.3843, 

shoulder_1	    0.2406,    -0.1920,     3.3859, 


hand_1	    0.1124,    -0.7599,     3.2539, 

elbow_1	    0.1705,    -0.4898,     3.3883, 

shoulder_1	    0.2386,    -0.1919,     3.3846, 


hand_1	    0.1131,    -0.7609,     3.2540, 

elbow_1	    0.1707,    -0.4899,     3.3887, 

shoulder_1	    0.2366,    -0.1915,     3.3843, 


hand_1	    0.1198,    -0.7548,     3.2459, 

elbow_1	    0.1694,    -0.4869,     3.3858, 

shoulder_1	    0.2357,    -0.1905,     3.3856, 


hand_1	    0.1233,    -0.7511,     3.2416, 

elbow_1	    0.1657,    -0.4860,     3.3854, 

shoulder_1	    0.2353,    -0.1904,     3.3860, 


hand_1	    0.1193,    -0.7555,     3.2474, 

elbow_1	    0.1648,    -0.4860,     3.3827, 

shoulder_1	    0.2356,    -0.1903,     3.3872, 


hand_1	    0.1237,    -0.7558,     3.2576, 

elbow_1	    0.1649,    -0.4825,     3.3874, 

shoulder_1	    0.2334,    -0.1929,     3.3865, 


hand_1	    0.1207,    -0.7576,     3.2454, 

elbow_1	    0.1670,    -0.4883,     3.3822, 

shoulder_1	    0.2334,    -0.1917,     3.3820, 


hand_1	    0.1172,    -0.7597,     3.2450, 

elbow_1	    0.1665,    -0.4912,     3.3851, 

shoulder_1	    0.2346,    -0.1962,     3.3815, 


hand_1	    0.1158,    -0.7608,     3.2493, 

elbow_1	    0.1653,    -0.4906,     3.3831, 

shoulder_1	    0.2355,    -0.1986,     3.3798, 


hand_1	    0.1150,    -0.7611,     3.2516, 

elbow_1	    0.1646,    -0.4903,     3.3825, 

shoulder_1	    0.2361,    -0.1991,     3.3732, 


hand_1	    0.1150,    -0.7611,     3.2516, 

elbow_1	    0.1646,    -0.4903,     3.3825, 

shoulder_1	    0.2361,    -0.1991,     3.3732, 


hand_1	    0.1146,    -0.7613,     3.2529, 

elbow_1	    0.1653,    -0.4876,     3.3789, 

shoulder_1	    0.2244,    -0.2187,     3.3770, 


hand_1	    0.1204,    -0.7544,     3.2404, 

elbow_1	    0.1631,    -0.4928,     3.3815, 

shoulder_1	    0.2324,    -0.2051,     3.3755, 


hand_1	    0.1249,    -0.7515,     3.2347, 

elbow_1	    0.1636,    -0.4899,     3.3812, 

shoulder_1	    0.2359,    -0.1997,     3.3781, 


hand_1	    0.1260,    -0.7514,     3.2400, 

elbow_1	    0.1643,    -0.4830,     3.3736, 

shoulder_1	    0.2374,    -0.1945,     3.3769, 


hand_1	    0.1231,    -0.7508,     3.2312, 

elbow_1	    0.1658,    -0.4835,     3.3797, 

shoulder_1	    0.2393,    -0.1947,     3.3771, 


hand_1	    0.1215,    -0.7611,     3.2225, 

elbow_1	    0.1634,    -0.4922,     3.3733, 

shoulder_1	    0.2402,    -0.1890,     3.3771, 


hand_1	    0.1181,    -0.7578,     3.2157, 

elbow_1	    0.1622,    -0.4916,     3.3712, 

shoulder_1	    0.2387,    -0.1882,     3.3768, 


hand_1	    0.1181,    -0.7578,     3.2157, 

elbow_1	    0.1622,    -0.4916,     3.3712, 

shoulder_1	    0.2387,    -0.1882,     3.3768, 


hand_1	    0.1151,    -0.7581,     3.2268, 

elbow_1	    0.1636,    -0.4878,     3.3721, 

shoulder_1	    0.2395,    -0.1891,     3.3765, 


hand_1	    0.1199,    -0.7527,     3.2244, 

elbow_1	    0.1628,    -0.4819,     3.3700, 

shoulder_1	    0.2401,    -0.1917,     3.3726, 


hand_1	    0.1235,    -0.7509,     3.2259, 

elbow_1	    0.1644,    -0.4830,     3.3725, 

shoulder_1	    0.2400,    -0.1943,     3.3700, 


hand_1	    0.1248,    -0.7456,     3.2140, 

elbow_1	    0.1638,    -0.4845,     3.3686, 

shoulder_1	    0.2411,    -0.1953,     3.3662, 


hand_1	    0.1262,    -0.7472,     3.2199, 

elbow_1	    0.1634,    -0.4827,     3.3703, 

shoulder_1	    0.2428,    -0.1983,     3.3672, 


hand_1	    0.1262,    -0.7472,     3.2199, 

elbow_1	    0.1634,    -0.4827,     3.3703, 

shoulder_1	    0.2428,    -0.1983,     3.3672, 


hand_1	    0.1257,    -0.7433,     3.2025, 

elbow_1	    0.1612,    -0.4879,     3.3667, 

shoulder_1	    0.2442,    -0.1932,     3.3677, 


hand_1	    0.1260,    -0.7429,     3.1898, 

elbow_1	    0.1606,    -0.4904,     3.3588, 

shoulder_1	    0.2455,    -0.1936,     3.3641, 


hand_1	    0.1252,    -0.7423,     3.1903, 

elbow_1	    0.1618,    -0.4937,     3.3649, 

shoulder_1	    0.2438,    -0.1903,     3.3665, 


hand_1	    0.1255,    -0.7439,     3.2101, 

elbow_1	    0.1654,    -0.4829,     3.3515, 

shoulder_1	    0.2472,    -0.1826,     3.3670, 


hand_1	    0.1247,    -0.7422,     3.2128, 

elbow_1	    0.1652,    -0.4804,     3.3572, 

shoulder_1	    0.2467,    -0.1815,     3.3668, 


hand_1	    0.1250,    -0.7423,     3.2144, 

elbow_1	    0.1631,    -0.4777,     3.3611, 

shoulder_1	    0.2449,    -0.1829,     3.3651, 


hand_1	    0.1309,    -0.7400,     3.2168, 

elbow_1	    0.1645,    -0.4744,     3.3611, 

shoulder_1	    0.2471,    -0.1837,     3.3595, 


hand_1	    0.1263,    -0.7393,     3.2116, 

elbow_1	    0.1656,    -0.4753,     3.3560, 

shoulder_1	    0.2482,    -0.1875,     3.3572, 


hand_1	    0.1263,    -0.7393,     3.2116, 

elbow_1	    0.1656,    -0.4753,     3.3560, 

shoulder_1	    0.2482,    -0.1875,     3.3572, 


hand_1	    0.1322,    -0.7374,     3.2049, 

elbow_1	    0.1658,    -0.4752,     3.3510, 

shoulder_1	    0.2485,    -0.1880,     3.3579, 


hand_1	    0.1353,    -0.7328,     3.1891, 

elbow_1	    0.1674,    -0.4776,     3.3410, 

shoulder_1	    0.2449,    -0.1862,     3.3621, 


hand_1	    0.1366,    -0.7322,     3.1847, 

elbow_1	    0.1667,    -0.4768,     3.3425, 

shoulder_1	    0.2455,    -0.1837,     3.3602, 


hand_1	    0.1315,    -0.7364,     3.1953, 

elbow_1	    0.1664,    -0.4769,     3.3502, 

shoulder_1	    0.2453,    -0.1821,     3.3567, 


hand_1	    0.1331,    -0.7399,     3.1971, 

elbow_1	    0.1662,    -0.4760,     3.3411, 

shoulder_1	    0.2448,    -0.1851,     3.3541, 


hand_1	    0.1387,    -0.7366,     3.1848, 

elbow_1	    0.1662,    -0.4750,     3.3406, 

shoulder_1	    0.2458,    -0.1843,     3.3513, 


hand_1	    0.1421,    -0.7346,     3.1779, 

elbow_1	    0.1661,    -0.4740,     3.3408, 

shoulder_1	    0.2483,    -0.1808,     3.3529, 


hand_1	    0.1381,    -0.7369,     3.1768, 

elbow_1	    0.1660,    -0.4725,     3.3327, 

shoulder_1	    0.2477,    -0.1811,     3.3524, 


hand_1	    0.1381,    -0.7369,     3.1768, 

elbow_1	    0.1660,    -0.4725,     3.3327, 

shoulder_1	    0.2477,    -0.1811,     3.3524, 


hand_1	    0.1408,    -0.7320,     3.1640, 

elbow_1	    0.1645,    -0.4733,     3.3233, 

shoulder_1	    0.2484,    -0.1807,     3.3516, 


hand_1	    0.1425,    -0.7313,     3.1637, 

elbow_1	    0.1632,    -0.4741,     3.3207, 

shoulder_1	    0.2488,    -0.1802,     3.3528, 


hand_1	    0.1438,    -0.7301,     3.1643, 

elbow_1	    0.1626,    -0.4741,     3.3193, 

shoulder_1	    0.2493,    -0.1789,     3.3558, 


hand_1	    0.1445,    -0.7333,     3.1714, 

elbow_1	    0.1668,    -0.4720,     3.3252, 

shoulder_1	    0.2489,    -0.1814,     3.3528, 


hand_1	    0.1441,    -0.7313,     3.1679, 

elbow_1	    0.1634,    -0.4735,     3.3231, 

shoulder_1	    0.2489,    -0.1811,     3.3540, 


hand_1	    0.1439,    -0.7306,     3.1700, 

elbow_1	    0.1607,    -0.4718,     3.3170, 

shoulder_1	    0.2491,    -0.1831,     3.3527, 


hand_1	    0.1447,    -0.7285,     3.1699, 

elbow_1	    0.1604,    -0.4704,     3.3130, 

shoulder_1	    0.2498,    -0.1840,     3.3502, 


hand_1	    0.1443,    -0.7286,     3.1673, 

elbow_1	    0.1587,    -0.4627,     3.3040, 

shoulder_1	    0.2486,    -0.1815,     3.3427, 


hand_1	    0.1480,    -0.7393,     3.1706, 

elbow_1	    0.1607,    -0.4647,     3.2996, 

shoulder_1	    0.2479,    -0.1785,     3.3373, 


hand_1	    0.1458,    -0.7332,     3.1699, 

elbow_1	    0.1577,    -0.4652,     3.3119, 

shoulder_1	    0.2469,    -0.1787,     3.3302, 


hand_1	    0.1458,    -0.7332,     3.1699, 

elbow_1	    0.1583,    -0.4691,     3.3094, 

shoulder_1	    0.2472,    -0.1783,     3.3285, 


hand_1	    0.1444,    -0.7302,     3.1605, 

elbow_1	    0.1583,    -0.4691,     3.3094, 

shoulder_1	    0.2472,    -0.1783,     3.3285, 


hand_1	    0.1435,    -0.7293,     3.1554, 

elbow_1	    0.1652,    -0.4720,     3.2992, 

shoulder_1	    0.2472,    -0.1779,     3.3300, 


hand_1	    0.1441,    -0.7263,     3.1518, 

elbow_1	    0.1681,    -0.4715,     3.2946, 

shoulder_1	    0.2477,    -0.1790,     3.3254, 


hand_1	    0.1511,    -0.7400,     3.1444, 

elbow_1	    0.1685,    -0.4808,     3.2913, 

shoulder_1	    0.2451,    -0.1812,     3.3186, 


hand_1	    0.1467,    -0.7467,     3.1408, 

elbow_1	    0.1719,    -0.4811,     3.2848, 

shoulder_1	    0.2485,    -0.1797,     3.3177, 


hand_1	    0.1443,    -0.7387,     3.1418, 

elbow_1	    0.1744,    -0.4750,     3.2779, 

shoulder_1	    0.2488,    -0.1803,     3.3127, 


hand_1	    0.1433,    -0.7306,     3.1420, 

elbow_1	    0.1741,    -0.4713,     3.2830, 

shoulder_1	    0.2512,    -0.1778,     3.3105, 


hand_1	    0.1415,    -0.7438,     3.1298, 

elbow_1	    0.1720,    -0.4821,     3.2740, 

shoulder_1	    0.2506,    -0.1825,     3.3024, 


hand_1	    0.1415,    -0.7438,     3.1298, 

elbow_1	    0.1720,    -0.4821,     3.2740, 

shoulder_1	    0.2506,    -0.1825,     3.3024, 


hand_1	    0.1411,    -0.7392,     3.1249, 

elbow_1	    0.1835,    -0.4766,     3.2715, 

shoulder_1	    0.2492,    -0.1804,     3.2964, 


hand_1	    0.1426,    -0.7450,     3.1369, 

elbow_1	    0.1815,    -0.4735,     3.2718, 

shoulder_1	    0.2496,    -0.1798,     3.2929, 


hand_1	    0.1412,    -0.7478,     3.1382, 

elbow_1	    0.1798,    -0.4739,     3.2710, 

shoulder_1	    0.2493,    -0.1775,     3.2873, 


hand_1	    0.1394,    -0.7552,     3.1403, 

elbow_1	    0.1814,    -0.4769,     3.2695, 

shoulder_1	    0.2478,    -0.1795,     3.2840, 


hand_1	    0.1403,    -0.7475,     3.1322, 

elbow_1	    0.1849,    -0.4680,     3.2611, 

shoulder_1	    0.2481,    -0.1806,     3.2791, 


hand_1	    0.1426,    -0.7532,     3.1403, 

elbow_1	    0.1846,    -0.4673,     3.2565, 

shoulder_1	    0.2507,    -0.1792,     3.2727, 


hand_1	    0.1427,    -0.7501,     3.1561, 

elbow_1	    0.1953,    -0.4587,     3.2450, 

shoulder_1	    0.2539,    -0.1771,     3.2669, 


hand_1	    0.1473,    -0.7512,     3.1537, 

elbow_1	    0.1953,    -0.4587,     3.2450, 

shoulder_1	    0.2565,    -0.1747,     3.2636, 


hand_1	    0.1490,    -0.7248,     3.1381, 

elbow_1	    0.2005,    -0.4274,     3.2403, 

shoulder_1	    0.2603,    -0.1746,     3.2521, 


hand_1	    0.1568,    -0.7199,     3.1180, 

elbow_1	    0.2012,    -0.4414,     3.2317, 

shoulder_1	    0.2631,    -0.1744,     3.2439, 


hand_1	    0.1625,    -0.7283,     3.1073, 

elbow_1	    0.2014,    -0.4486,     3.2252, 

shoulder_1	    0.2668,    -0.1726,     3.2391, 


hand_1	    0.1715,    -0.7346,     3.0991, 

elbow_1	    0.2023,    -0.4529,     3.2173, 

shoulder_1	    0.2682,    -0.1687,     3.2293, 


hand_1	    0.1715,    -0.7346,     3.0991, 

elbow_1	    0.2023,    -0.4529,     3.2173, 

shoulder_1	    0.2682,    -0.1687,     3.2293, 


hand_1	    0.1733,    -0.7172,     3.1098, 

elbow_1	    0.2017,    -0.4355,     3.2167, 

shoulder_1	    0.2693,    -0.1679,     3.2177, 


hand_1	    0.1743,    -0.7268,     3.0837, 

elbow_1	    0.2035,    -0.4484,     3.2050, 

shoulder_1	    0.2721,    -0.1682,     3.2055, 


hand_1	    0.1812,    -0.7073,     3.0857, 

elbow_1	    0.2079,    -0.4256,     3.1893, 

shoulder_1	    0.2785,    -0.1696,     3.1773, 


hand_1	    0.1812,    -0.7073,     3.0857, 

elbow_1	    0.2079,    -0.4256,     3.1893, 

shoulder_1	    0.2785,    -0.1696,     3.1773, 


hand_1	    0.1889,    -0.7099,     3.0209, 

elbow_1	    0.2104,    -0.4467,     3.1698, 

shoulder_1	    0.2858,    -0.1693,     3.1532, 


hand_1	    0.1986,    -0.7186,     3.0048, 

elbow_1	    0.2347,    -0.4481,     3.1447, 

shoulder_1	    0.2940,    -0.1643,     3.1326, 


hand_1	    0.2078,    -0.7303,     3.0144, 

elbow_1	    0.2398,    -0.4499,     3.1343, 

shoulder_1	    0.3000,    -0.1630,     3.1209, 


hand_1	    0.2190,    -0.7304,     3.0063, 

elbow_1	    0.2409,    -0.4481,     3.1255, 

shoulder_1	    0.3076,    -0.1625,     3.1074, 


hand_1	    0.2154,    -0.7280,     2.9975, 

elbow_1	    0.2489,    -0.4448,     3.1125, 

shoulder_1	    0.3147,    -0.1608,     3.0986, 


hand_1	    0.2154,    -0.7280,     2.9975, 

elbow_1	    0.2489,    -0.4448,     3.1125, 

shoulder_1	    0.3147,    -0.1608,     3.0986, 


hand_1	    0.2200,    -0.7218,     2.9997, 

elbow_1	    0.2619,    -0.4358,     3.1047, 

shoulder_1	    0.3210,    -0.1561,     3.0839, 


hand_1	    0.2372,    -0.7241,     2.9969, 

elbow_1	    0.2709,    -0.4341,     3.0939, 

shoulder_1	    0.3273,    -0.1545,     3.0752, 


hand_1	    0.2551,    -0.7285,     2.9938, 

elbow_1	    0.2742,    -0.4323,     3.0721, 

shoulder_1	    0.3313,    -0.1533,     3.0664, 


hand_1	    0.2622,    -0.7289,     2.9756, 

elbow_1	    0.2761,    -0.4334,     3.0594, 

shoulder_1	    0.3341,    -0.1541,     3.0546, 


hand_1	    0.2787,    -0.7237,     2.9607, 

elbow_1	    0.2771,    -0.4304,     3.0526, 

shoulder_1	    0.3363,    -0.1552,     3.0450, 


hand_1	    0.2942,    -0.7218,     2.9394, 

elbow_1	    0.2809,    -0.4293,     3.0332, 

shoulder_1	    0.3390,    -0.1614,     3.0354, 


hand_1	    0.3299,    -0.7310,     2.9139, 

elbow_1	    0.2965,    -0.4447,     3.0194, 

shoulder_1	    0.3413,    -0.1607,     3.0257, 


hand_1	    0.3593,    -0.7351,     2.8937, 

elbow_1	    0.3077,    -0.4534,     3.0041, 

shoulder_1	    0.3483,    -0.1627,     3.0164, 


hand_1	    0.3730,    -0.7398,     2.8829, 

elbow_1	    0.3170,    -0.4577,     2.9919, 

shoulder_1	    0.3515,    -0.1621,     3.0066, 


hand_1	    0.3809,    -0.7452,     2.8751, 

elbow_1	    0.3206,    -0.4635,     2.9838, 

shoulder_1	    0.3547,    -0.1555,     3.0011, 


hand_1	    0.3807,    -0.7440,     2.8735, 

elbow_1	    0.3294,    -0.4587,     2.9772, 

shoulder_1	    0.3614,    -0.1524,     2.9952, 


hand_1	    0.3803,    -0.7385,     2.8660, 

elbow_1	    0.3360,    -0.4509,     2.9665, 

shoulder_1	    0.3639,    -0.1501,     2.9890, 


hand_1	    0.3792,    -0.7353,     2.8631, 

elbow_1	    0.3440,    -0.4463,     2.9632, 

shoulder_1	    0.3649,    -0.1454,     2.9877, 


hand_1	    0.3790,    -0.7255,     2.8572, 

elbow_1	    0.3428,    -0.4398,     2.9660, 

shoulder_1	    0.3673,    -0.1430,     2.9886, 


hand_1	    0.3790,    -0.7255,     2.8572, 

elbow_1	    0.3428,    -0.4398,     2.9660, 

shoulder_1	    0.3673,    -0.1430,     2.9886, 


hand_1	    0.3651,    -0.7307,     2.8663, 

elbow_1	    0.3502,    -0.4391,     2.9630, 

shoulder_1	    0.3740,    -0.1441,     2.9923, 


hand_1	    0.3434,    -0.7130,     2.8364, 

elbow_1	    0.3531,    -0.4366,     2.9648, 

shoulder_1	    0.3797,    -0.1424,     2.9947, 


hand_1	    0.3358,    -0.7022,     2.8286, 

elbow_1	    0.3542,    -0.4324,     2.9719, 

shoulder_1	    0.3870,    -0.1434,     2.9965, 


hand_1	    0.3358,    -0.7022,     2.8286, 

elbow_1	    0.3542,    -0.4324,     2.9719, 

shoulder_1	    0.3870,    -0.1434,     2.9965, 


hand_1	    0.3336,    -0.6987,     2.8312, 

elbow_1	    0.3549,    -0.4320,     2.9818, 

shoulder_1	    0.4011,    -0.1485,     2.9950, 


hand_1	    0.3281,    -0.7112,     2.8499, 

elbow_1	    0.3626,    -0.4345,     2.9763, 

shoulder_1	    0.4116,    -0.1486,     2.9979, 


hand_1	    0.3273,    -0.7085,     2.8606, 

elbow_1	    0.3743,    -0.4309,     2.9828, 

shoulder_1	    0.4215,    -0.1470,     2.9977, 


hand_1	    0.3162,    -0.7051,     2.8725, 

elbow_1	    0.3859,    -0.4292,     2.9866, 

shoulder_1	    0.4349,    -0.1464,     3.0010, 


hand_1	    0.3485,    -0.6823,     2.9163, 

elbow_1	    0.4119,    -0.4109,     3.0243, 

shoulder_1	    0.4626,    -0.1437,     2.9993, 


hand_1	    0.3485,    -0.6823,     2.9163, 

elbow_1	    0.4119,    -0.4109,     3.0243, 

shoulder_1	    0.4626,    -0.1437,     2.9993, 


hand_1	    0.3613,    -0.6656,     2.9372, 

elbow_1	    0.4270,    -0.3979,     3.0422, 

shoulder_1	    0.4787,    -0.1419,     3.0032, 


hand_1	    0.3725,    -0.6560,     2.9590, 

elbow_1	    0.4454,    -0.3885,     3.0396, 

shoulder_1	    0.4968,    -0.1461,     3.0009, 


hand_1	    0.3755,    -0.6860,     2.9458, 

elbow_1	    0.4558,    -0.4150,     3.0407, 

shoulder_1	    0.5154,    -0.1487,     2.9929, 


hand_1	    0.3842,    -0.6975,     2.9442, 

elbow_1	    0.4768,    -0.4321,     3.0559, 

shoulder_1	    0.5362,    -0.1488,     2.9898, 


hand_1	    0.3904,    -0.7157,     2.9568, 

elbow_1	    0.4979,    -0.4445,     3.0579, 

shoulder_1	    0.5527,    -0.1473,     2.9879, 


hand_1	    0.4136,    -0.7285,     2.9749, 

elbow_1	    0.5474,    -0.4534,     3.0522, 

shoulder_1	    0.5951,    -0.1555,     2.9761, 


hand_1	    0.4780,    -0.7424,     3.0049, 

elbow_1	    0.5687,    -0.4537,     3.0456, 

shoulder_1	    0.6181,    -0.1555,     2.9694, 


hand_1	    0.5226,    -0.7464,     2.9850, 

elbow_1	    0.5928,    -0.4544,     3.0418, 

shoulder_1	    0.6359,    -0.1525,     2.9648, 


hand_1	    0.5226,    -0.7464,     2.9850, 

elbow_1	    0.5928,    -0.4544,     3.0418, 

shoulder_1	    0.6359,    -0.1525,     2.9648, 


hand_1	    0.5611,    -0.7376,     2.9602, 

elbow_1	    0.6169,    -0.4450,     3.0313, 

shoulder_1	    0.6503,    -0.1444,     2.9587, 


hand_1	    0.5904,    -0.7306,     2.9346, 

elbow_1	    0.6422,    -0.4429,     3.0265, 

shoulder_1	    0.6624,    -0.1384,     2.9554, 


hand_1	    0.5904,    -0.7306,     2.9346, 

elbow_1	    0.6885,    -0.4359,     3.0326, 

shoulder_1	    0.6812,    -0.1381,     2.9536, 


hand_1	    0.6197,    -0.7097,     2.9240, 

elbow_1	    0.7087,    -0.4375,     3.0380, 

shoulder_1	    0.6984,    -0.1437,     2.9456, 


hand_1	    0.6443,    -0.7017,     2.9205, 

elbow_1	    0.7223,    -0.4348,     3.0501, 

shoulder_1	    0.7131,    -0.1494,     2.9421, 


hand_1	    0.6575,    -0.7111,     2.9163, 

elbow_1	    0.7290,    -0.4421,     3.0467, 

shoulder_1	    0.7255,    -0.1483,     2.9360, 


hand_1	    0.6660,    -0.7109,     2.9087, 

elbow_1	    0.7334,    -0.4359,     3.0289, 

shoulder_1	    0.7304,    -0.1442,     2.9347, 


hand_1	    0.6714,    -0.7310,     2.9101, 

elbow_1	    0.7382,    -0.4454,     3.0150, 

shoulder_1	    0.7387,    -0.1428,     2.9365, 


hand_1	    0.6629,    -0.7338,     2.9462, 

elbow_1	    0.7442,    -0.4438,     3.0310, 

shoulder_1	    0.7455,    -0.1437,     2.9355, 


hand_1	    0.6488,    -0.7302,     2.9812, 

elbow_1	    0.7394,    -0.4351,     3.0191, 

shoulder_1	    0.7582,    -0.1415,     2.9456, 


hand_1	    0.6411,    -0.7145,     2.9841, 

elbow_1	    0.7407,    -0.4296,     3.0141, 

shoulder_1	    0.7608,    -0.1402,     2.9465, 


hand_1	    0.6195,    -0.7128,     2.9573, 

elbow_1	    0.7362,    -0.4357,     3.0018, 

shoulder_1	    0.7679,    -0.1462,     2.9453, 


hand_1	    0.6232,    -0.7243,     2.9501, 

elbow_1	    0.7310,    -0.4420,     2.9981, 

shoulder_1	    0.7679,    -0.1500,     2.9460, 


hand_1	    0.6219,    -0.7252,     2.9432, 

elbow_1	    0.7331,    -0.4442,     2.9967, 

shoulder_1	    0.7680,    -0.1490,     2.9444, 


hand_1	    0.6298,    -0.7034,     2.9220, 

elbow_1	    0.7288,    -0.4254,     3.0003, 

shoulder_1	    0.7498,    -0.1459,     2.9454, 


hand_1	    0.6404,    -0.7187,     2.8881, 

elbow_1	    0.7145,    -0.4368,     2.9840, 

shoulder_1	    0.7428,    -0.1469,     2.9493, 


hand_1	    0.6410,    -0.7212,     2.8799, 

elbow_1	    0.7091,    -0.4401,     2.9840, 

shoulder_1	    0.7369,    -0.1511,     2.9528, 


hand_1	    0.6376,    -0.7300,     2.8779, 

elbow_1	    0.7012,    -0.4488,     2.9853, 

shoulder_1	    0.7312,    -0.1512,     2.9581, 


hand_1	    0.6376,    -0.7300,     2.8779, 

elbow_1	    0.7012,    -0.4488,     2.9853, 

shoulder_1	    0.7312,    -0.1512,     2.9581, 


hand_1	    0.6361,    -0.7314,     2.8802, 

elbow_1	    0.6934,    -0.4478,     2.9857, 

shoulder_1	    0.7215,    -0.1557,     2.9626, 


hand_1	    0.6361,    -0.7314,     2.8802, 

elbow_1	    0.6934,    -0.4478,     2.9857, 

shoulder_1	    0.7215,    -0.1557,     2.9626, 


hand_1	    0.6296,    -0.7412,     2.8852, 

elbow_1	    0.6847,    -0.4545,     2.9829, 

shoulder_1	    0.7117,    -0.1574,     2.9726, 


hand_1	    0.6296,    -0.7412,     2.8852, 

elbow_1	    0.6847,    -0.4545,     2.9829, 

shoulder_1	    0.7117,    -0.1574,     2.9726, 


hand_1	    0.6296,    -0.7412,     2.8852, 

elbow_1	    0.6847,    -0.4545,     2.9829, 

shoulder_1	    0.7117,    -0.1574,     2.9726, 


hand_1	    0.6264,    -0.7456,     2.8906, 

elbow_1	    0.6774,    -0.4557,     2.9810, 

shoulder_1	    0.7040,    -0.1557,     2.9820, 


hand_1	    0.6184,    -0.7409,     2.9037, 

elbow_1	    0.6686,    -0.4512,     2.9956, 

shoulder_1	    0.6930,    -0.1577,     2.9845, 


hand_1	    0.6184,    -0.7409,     2.9037, 

elbow_1	    0.6686,    -0.4512,     2.9956, 

shoulder_1	    0.6930,    -0.1577,     2.9845, 


hand_1	    0.6081,    -0.7429,     2.9100, 

elbow_1	    0.6595,    -0.4533,     3.0019, 

shoulder_1	    0.6833,    -0.1599,     2.9863, 


hand_1	    0.6038,    -0.7506,     2.9088, 

elbow_1	    0.6432,    -0.4634,     3.0129, 

shoulder_1	    0.6675,    -0.1660,     2.9989, 


hand_1	    0.6038,    -0.7506,     2.9088, 

elbow_1	    0.6432,    -0.4634,     3.0129, 

shoulder_1	    0.6675,    -0.1660,     2.9989, 


hand_1	    0.6035,    -0.7504,     2.9096, 

elbow_1	    0.6355,    -0.4646,     3.0196, 

shoulder_1	    0.6556,    -0.1656,     2.9999, 


hand_1	    0.6024,    -0.7464,     2.9142, 

elbow_1	    0.6292,    -0.4617,     3.0285, 

shoulder_1	    0.6467,    -0.1679,     2.9990, 


hand_1	    0.5962,    -0.7519,     2.9203, 

elbow_1	    0.6145,    -0.4726,     3.0487, 

shoulder_1	    0.6280,    -0.1770,     3.0005, 


hand_1	    0.5962,    -0.7519,     2.9203, 

elbow_1	    0.6145,    -0.4726,     3.0487, 

shoulder_1	    0.6280,    -0.1770,     3.0005, 


hand_1	    0.5894,    -0.7542,     2.9367, 

elbow_1	    0.6051,    -0.4746,     3.0647, 

shoulder_1	    0.6090,    -0.1853,     3.0198, 


hand_1	    0.5830,    -0.7612,     2.9452, 

elbow_1	    0.6006,    -0.4772,     3.0627, 

shoulder_1	    0.5981,    -0.1913,     3.0230, 


hand_1	    0.5830,    -0.7612,     2.9452, 

elbow_1	    0.6006,    -0.4772,     3.0627, 

shoulder_1	    0.5981,    -0.1913,     3.0230, 


hand_1	    0.5785,    -0.7685,     2.9490, 

elbow_1	    0.5914,    -0.4844,     3.0673, 

shoulder_1	    0.5893,    -0.1915,     3.0301, 


hand_1	    0.5763,    -0.7727,     2.9523, 

elbow_1	    0.5838,    -0.4905,     3.0757, 

shoulder_1	    0.5785,    -0.1954,     3.0314, 


hand_1	    0.5681,    -0.7743,     2.9581, 

elbow_1	    0.5667,    -0.4944,     3.0870, 

shoulder_1	    0.5585,    -0.1997,     3.0413, 


hand_1	    0.5617,    -0.7714,     2.9549, 

elbow_1	    0.5634,    -0.4921,     3.0850, 

shoulder_1	    0.5467,    -0.1984,     3.0458, 


hand_1	    0.5617,    -0.7714,     2.9549, 

elbow_1	    0.5634,    -0.4921,     3.0850, 

shoulder_1	    0.5467,    -0.1984,     3.0458, 


hand_1	    0.5481,    -0.7762,     2.9583, 

elbow_1	    0.5577,    -0.4959,     3.0858, 

shoulder_1	    0.5382,    -0.2025,     3.0499, 


hand_1	    0.5165,    -0.7836,     2.9788, 

elbow_1	    0.5548,    -0.4995,     3.0862, 

shoulder_1	    0.5339,    -0.2043,     3.0524, 


hand_1	    0.5165,    -0.7836,     2.9788, 

elbow_1	    0.5548,    -0.4995,     3.0862, 

shoulder_1	    0.5339,    -0.2043,     3.0524, 


hand_1	    0.4988,    -0.7858,     2.9882, 

elbow_1	    0.5520,    -0.4997,     3.0846, 

shoulder_1	    0.5311,    -0.2047,     3.0540, 


hand_1	    0.4911,    -0.7870,     2.9999, 

elbow_1	    0.5500,    -0.4983,     3.0888, 

shoulder_1	    0.5319,    -0.2021,     3.0537, 


hand_1	    0.4921,    -0.7901,     2.9936, 

elbow_1	    0.5495,    -0.4996,     3.0811, 

shoulder_1	    0.5281,    -0.2072,     3.0493, 


hand_1	    0.5057,    -0.7856,     2.9740, 

elbow_1	    0.5508,    -0.4990,     3.0784, 

shoulder_1	    0.5311,    -0.2095,     3.0509, 


hand_1	    0.4819,    -0.7833,     2.9658, 

elbow_1	    0.5428,    -0.5024,     3.0788, 

shoulder_1	    0.5300,    -0.2074,     3.0507, 


hand_1	    0.5039,    -0.7747,     2.9502, 

elbow_1	    0.5500,    -0.4966,     3.0758, 

shoulder_1	    0.5332,    -0.2074,     3.0498, 


hand_1	    0.5344,    -0.7740,     2.9368, 

elbow_1	    0.5548,    -0.4972,     3.0713, 

shoulder_1	    0.5416,    -0.2063,     3.0466, 


hand_1	    0.5344,    -0.7740,     2.9368, 

elbow_1	    0.5548,    -0.4972,     3.0713, 

shoulder_1	    0.5416,    -0.2063,     3.0466, 


hand_1	    0.5323,    -0.7748,     2.9374, 

elbow_1	    0.5551,    -0.4967,     3.0696, 

shoulder_1	    0.5448,    -0.2087,     3.0467, 


hand_1	    0.5351,    -0.7797,     2.9366, 

elbow_1	    0.5557,    -0.5001,     3.0665, 

shoulder_1	    0.5475,    -0.2078,     3.0388, 


hand_1	    0.5393,    -0.7820,     2.9315, 

elbow_1	    0.5532,    -0.5007,     3.0587, 

shoulder_1	    0.5516,    -0.2075,     3.0323, 


hand_1	    0.5393,    -0.7820,     2.9315, 

elbow_1	    0.5532,    -0.5007,     3.0587, 

shoulder_1	    0.5516,    -0.2075,     3.0323, 


hand_1	    0.5531,    -0.7849,     2.9229, 

elbow_1	    0.5570,    -0.5047,     3.0529, 

shoulder_1	    0.5542,    -0.2042,     3.0283, 


hand_1	    0.5300,    -0.7881,     2.9386, 

elbow_1	    0.5598,    -0.5017,     3.0450, 

shoulder_1	    0.5614,    -0.2024,     3.0278, 


hand_1	    0.5300,    -0.7881,     2.9386, 

elbow_1	    0.5598,    -0.5017,     3.0450, 

shoulder_1	    0.5614,    -0.2024,     3.0278, 


hand_1	    0.5190,    -0.7860,     2.9374, 

elbow_1	    0.5657,    -0.4983,     3.0354, 

shoulder_1	    0.5678,    -0.1998,     3.0171, 


hand_1	    0.5190,    -0.7860,     2.9374, 

elbow_1	    0.5657,    -0.4983,     3.0354, 

shoulder_1	    0.5678,    -0.1998,     3.0171, 


hand_1	    0.5190,    -0.7860,     2.9374, 

elbow_1	    0.5657,    -0.4983,     3.0354, 

shoulder_1	    0.5678,    -0.1998,     3.0171, 


hand_1	    0.5156,    -0.7838,     2.9376, 

elbow_1	    0.5691,    -0.4952,     3.0321, 

shoulder_1	    0.5720,    -0.1969,     3.0053, 


hand_1	    0.5187,    -0.7807,     2.9303, 

elbow_1	    0.5698,    -0.4912,     3.0247, 

shoulder_1	    0.5780,    -0.1959,     2.9966, 


hand_1	    0.5187,    -0.7807,     2.9303, 

elbow_1	    0.5698,    -0.4912,     3.0247, 

shoulder_1	    0.5780,    -0.1959,     2.9966, 


hand_1	    0.5317,    -0.7868,     2.9085, 

elbow_1	    0.5741,    -0.4975,     3.0079, 

shoulder_1	    0.5863,    -0.1973,     2.9947, 


hand_1	    0.5344,    -0.7865,     2.8992, 

elbow_1	    0.5871,    -0.4969,     2.9928, 

shoulder_1	    0.5953,    -0.1910,     2.9846, 


hand_1	    0.5876,    -0.7742,     2.8592, 

elbow_1	    0.6012,    -0.4863,     2.9679, 

shoulder_1	    0.6118,    -0.1839,     2.9621, 


hand_1	    0.5977,    -0.7645,     2.8388, 

elbow_1	    0.6106,    -0.4812,     2.9519, 

shoulder_1	    0.6233,    -0.1867,     2.9523, 


hand_1	    0.5977,    -0.7645,     2.8388, 

elbow_1	    0.6106,    -0.4812,     2.9519, 

shoulder_1	    0.6233,    -0.1867,     2.9523, 


hand_1	    0.5938,    -0.7521,     2.7941, 

elbow_1	    0.6186,    -0.4812,     2.9325, 

shoulder_1	    0.6333,    -0.1850,     2.9402, 


hand_1	    0.5952,    -0.7342,     2.7501, 

elbow_1	    0.6236,    -0.4783,     2.9141, 

shoulder_1	    0.6434,    -0.1844,     2.9287, 


hand_1	    0.6049,    -0.7218,     2.7130, 

elbow_1	    0.6351,    -0.4777,     2.8950, 

shoulder_1	    0.6530,    -0.1881,     2.9164, 


hand_1	    0.6081,    -0.7158,     2.6815, 

elbow_1	    0.6469,    -0.4767,     2.8699, 

shoulder_1	    0.6646,    -0.1935,     2.9043, 


hand_1	    0.6095,    -0.7189,     2.6612, 

elbow_1	    0.6511,    -0.4818,     2.8526, 

shoulder_1	    0.6763,    -0.1954,     2.8965, 


hand_1	    0.6099,    -0.7273,     2.6522, 

elbow_1	    0.6575,    -0.5014,     2.8564, 

shoulder_1	    0.6847,    -0.1958,     2.8859, 


hand_1	    0.6070,    -0.7363,     2.6352, 

elbow_1	    0.6707,    -0.5010,     2.8238, 

shoulder_1	    0.7043,    -0.1977,     2.8671, 


hand_1	    0.6070,    -0.7363,     2.6352, 

elbow_1	    0.6707,    -0.5010,     2.8238, 

shoulder_1	    0.7043,    -0.1977,     2.8671, 


hand_1	    0.6045,    -0.7452,     2.6280, 

elbow_1	    0.6737,    -0.5012,     2.8032, 

shoulder_1	    0.7112,    -0.2004,     2.8588, 


hand_1	    0.6015,    -0.7547,     2.6217, 

elbow_1	    0.6782,    -0.4968,     2.7720, 

shoulder_1	    0.7151,    -0.1999,     2.8458, 


hand_1	    0.6002,    -0.7622,     2.6188, 

elbow_1	    0.6835,    -0.5043,     2.7655, 

shoulder_1	    0.7194,    -0.2063,     2.8355, 


hand_1	    0.5963,    -0.7740,     2.6135, 

elbow_1	    0.6850,    -0.5086,     2.7427, 

shoulder_1	    0.7252,    -0.2129,     2.8199, 


hand_1	    0.5935,    -0.7784,     2.6108, 

elbow_1	    0.6884,    -0.5098,     2.7285, 

shoulder_1	    0.7352,    -0.2161,     2.8095, 


hand_1	    0.5921,    -0.7809,     2.6094, 

elbow_1	    0.6905,    -0.5072,     2.7114, 

shoulder_1	    0.7419,    -0.2158,     2.7975, 


hand_1	    0.5924,    -0.7781,     2.6100, 

elbow_1	    0.6885,    -0.5035,     2.7118, 

shoulder_1	    0.7463,    -0.2123,     2.7943, 


hand_1	    0.5919,    -0.7799,     2.6088, 

elbow_1	    0.6899,    -0.5041,     2.7053, 

shoulder_1	    0.7498,    -0.2126,     2.7854, 


hand_1	    0.5930,    -0.7757,     2.6098, 

elbow_1	    0.6944,    -0.4982,     2.6979, 

shoulder_1	    0.7513,    -0.2065,     2.7793, 


hand_1	    0.5930,    -0.7757,     2.6098, 

elbow_1	    0.6944,    -0.4982,     2.6979, 

shoulder_1	    0.7513,    -0.2065,     2.7793, 


hand_1	    0.5939,    -0.7755,     2.6099, 

elbow_1	    0.6977,    -0.4991,     2.6982, 

shoulder_1	    0.7515,    -0.2062,     2.7777, 


hand_1	    0.5939,    -0.7764,     2.6096, 

elbow_1	    0.7000,    -0.5033,     2.7053, 

shoulder_1	    0.7519,    -0.2083,     2.7779, 


hand_1	    0.5936,    -0.7753,     2.6099, 

elbow_1	    0.6986,    -0.4977,     2.6930, 

shoulder_1	    0.7505,    -0.2062,     2.7787, 


hand_1	    0.5937,    -0.7755,     2.6101, 

elbow_1	    0.6926,    -0.4993,     2.7046, 

shoulder_1	    0.7500,    -0.2060,     2.7797, 


hand_1	    0.5933,    -0.7778,     2.6096, 

elbow_1	    0.6923,    -0.5018,     2.7043, 

shoulder_1	    0.7469,    -0.2077,     2.7786, 


hand_1	    0.5915,    -0.7851,     2.6075, 

elbow_1	    0.6905,    -0.5080,     2.6991, 

shoulder_1	    0.7457,    -0.2155,     2.7791, 


hand_1	    0.5882,    -0.7932,     2.6040, 

elbow_1	    0.6786,    -0.5178,     2.7089, 

shoulder_1	    0.7385,    -0.2246,     2.7825, 


hand_1	    0.5873,    -0.7993,     2.6027, 

elbow_1	    0.6865,    -0.5303,     2.7158, 

shoulder_1	    0.7376,    -0.2344,     2.7852, 


hand_1	    0.5873,    -0.7993,     2.6027, 

elbow_1	    0.6865,    -0.5303,     2.7158, 

shoulder_1	    0.7376,    -0.2344,     2.7852, 


hand_1	    0.5875,    -0.7983,     2.6042, 

elbow_1	    0.6777,    -0.5416,     2.7488, 

shoulder_1	    0.7327,    -0.2412,     2.7904, 


hand_1	    0.5886,    -0.7898,     2.6046, 

elbow_1	    0.6836,    -0.5416,     2.7607, 

shoulder_1	    0.7283,    -0.2386,     2.7955, 


hand_1	    0.5964,    -0.7618,     2.6200, 

elbow_1	    0.6873,    -0.5285,     2.7998, 

shoulder_1	    0.7226,    -0.2224,     2.8004, 


hand_1	    0.6049,    -0.7463,     2.6440, 

elbow_1	    0.6895,    -0.5210,     2.8365, 

shoulder_1	    0.7198,    -0.2157,     2.8068, 


hand_1	    0.6111,    -0.7295,     2.6621, 

elbow_1	    0.6815,    -0.5117,     2.8685, 

shoulder_1	    0.7138,    -0.2104,     2.8126, 


hand_1	    0.6153,    -0.7187,     2.6813, 

elbow_1	    0.6736,    -0.5074,     2.8981, 

shoulder_1	    0.7060,    -0.2115,     2.8184, 


hand_1	    0.6513,    -0.5953,     2.7941, 

elbow_1	    0.6705,    -0.4968,     2.9105, 

shoulder_1	    0.6982,    -0.2260,     2.8267, 


hand_1	    0.8325,    -0.4816,     2.6919, 

elbow_1	    0.6443,    -0.5135,     2.9339, 

shoulder_1	    0.6906,    -0.2283,     2.8267, 


hand_1	    0.8262,    -0.4205,     2.7784, 

elbow_1	    0.6709,    -0.5113,     2.9270, 

shoulder_1	    0.6809,    -0.2442,     2.8341, 


hand_1	    0.8669,    -0.3868,     2.7662, 

elbow_1	    0.7035,    -0.5314,     2.9544, 

shoulder_1	    0.6666,    -0.2591,     2.8377, 


hand_1	    0.8669,    -0.3868,     2.7662, 

elbow_1	    0.7035,    -0.5314,     2.9544, 

shoulder_1	    0.6666,    -0.2591,     2.8377, 


hand_1	    0.8702,    -0.3852,     2.7613, 

elbow_1	    0.7114,    -0.5366,     2.9628, 

shoulder_1	    0.6566,    -0.2696,     2.8424, 


hand_1	    0.8741,    -0.3875,     2.7549, 

elbow_1	    0.7090,    -0.5377,     2.9598, 

shoulder_1	    0.6457,    -0.2769,     2.8399, 


hand_1	    0.8711,    -0.3826,     2.7468, 

elbow_1	    0.7152,    -0.5382,     2.9582, 

shoulder_1	    0.6363,    -0.2901,     2.8395, 


hand_1	    0.8616,    -0.3874,     2.7496, 

elbow_1	    0.7101,    -0.5534,     2.9581, 

shoulder_1	    0.6249,    -0.3071,     2.8407, 


hand_1	    0.8572,    -0.3915,     2.7489, 

elbow_1	    0.7068,    -0.5623,     2.9554, 

shoulder_1	    0.6142,    -0.3220,     2.8430, 


hand_1	    0.8543,    -0.4066,     2.7533, 

elbow_1	    0.6922,    -0.5663,     2.9600, 

shoulder_1	    0.6049,    -0.3447,     2.8494, 


hand_1	    0.8521,    -0.4195,     2.7532, 

elbow_1	    0.6796,    -0.5731,     2.9562, 

shoulder_1	    0.5965,    -0.3574,     2.8497, 


hand_1	    0.7657,    -0.5035,     2.8510, 

elbow_1	    0.6732,    -0.5765,     2.9544, 

shoulder_1	    0.5904,    -0.3787,     2.8592, 


hand_1	    0.8777,    -0.5836,     2.7306, 

elbow_1	    0.6822,    -0.6686,     2.9532, 

shoulder_1	    0.5815,    -0.3926,     2.8599, 


hand_1	    0.8537,    -0.7427,     2.6771, 

elbow_1	    0.6533,    -0.7205,     2.9101, 

shoulder_1	    0.5779,    -0.4260,     2.8589, 


hand_1	    0.8537,    -0.7427,     2.6771, 

elbow_1	    0.6533,    -0.7205,     2.9101, 

shoulder_1	    0.5779,    -0.4260,     2.8589, 


hand_1	    0.8340,    -0.8067,     2.6705, 

elbow_1	    0.6388,    -0.7389,     2.8991, 

shoulder_1	    0.5759,    -0.4396,     2.8610, 


hand_1	    0.8340,    -0.8067,     2.6705, 

elbow_1	    0.6388,    -0.7389,     2.8991, 

shoulder_1	    0.5689,    -0.4451,     2.8631, 


hand_1	    0.7871,    -0.9059,     2.6773, 

elbow_1	    0.6105,    -0.7641,     2.8863, 

shoulder_1	    0.5680,    -0.4596,     2.8647, 


hand_1	    0.7638,    -0.9493,     2.6799, 

elbow_1	    0.5986,    -0.7784,     2.8761, 

shoulder_1	    0.5641,    -0.4726,     2.8597, 


hand_1	    0.7447,    -0.9859,     2.6907, 

elbow_1	    0.5914,    -0.7907,     2.8735, 

shoulder_1	    0.5635,    -0.4840,     2.8609, 


hand_1	    0.7227,    -1.0136,     2.6984, 

elbow_1	    0.5813,    -0.7981,     2.8674, 

shoulder_1	    0.5588,    -0.4909,     2.8577, 


hand_1	    0.6684,    -1.0285,     2.7362, 

elbow_1	    0.5498,    -0.7823,     2.8786, 

shoulder_1	    0.5352,    -0.4745,     2.8728, 


hand_1	    0.6684,    -1.0285,     2.7362, 

elbow_1	    0.5498,    -0.7823,     2.8786, 

shoulder_1	    0.5352,    -0.4745,     2.8728, 


hand_1	    0.6576,    -1.0412,     2.7533, 

elbow_1	    0.5495,    -0.7835,     2.8833, 

shoulder_1	    0.5378,    -0.4755,     2.8787, 


hand_1	    0.6348,    -1.0533,     2.7624, 

elbow_1	    0.5366,    -0.7862,     2.8808, 

shoulder_1	    0.5272,    -0.4782,     2.8772, 


hand_1	    0.6212,    -1.0639,     2.7776, 

elbow_1	    0.5321,    -0.7892,     2.8851, 

shoulder_1	    0.5246,    -0.4811,     2.8823, 


hand_1	    0.6100,    -1.0716,     2.7895, 

elbow_1	    0.5293,    -0.7906,     2.8871, 

shoulder_1	    0.5233,    -0.4825,     2.8848, 


hand_1	    0.6010,    -1.0838,     2.7975, 

elbow_1	    0.5280,    -0.7977,     2.8858, 

shoulder_1	    0.5232,    -0.4896,     2.8840, 


hand_1	    0.5913,    -1.1240,     2.7868, 

elbow_1	    0.5253,    -0.8337,     2.8667, 

shoulder_1	    0.5215,    -0.5255,     2.8653, 


hand_1	    0.5782,    -1.1222,     2.7979, 

elbow_1	    0.5231,    -0.8354,     2.8760, 

shoulder_1	    0.5207,    -0.5272,     2.8751, 


hand_1	    0.5776,    -1.1208,     2.8273, 

elbow_1	    0.5291,    -0.8222,     2.8861, 

shoulder_1	    0.5272,    -0.5140,     2.8854, 


hand_1	    0.5776,    -1.1208,     2.8273, 

elbow_1	    0.5291,    -0.8222,     2.8861, 

shoulder_1	    0.5272,    -0.5140,     2.8854, 


hand_1	    0.5700,    -1.1406,     2.8309, 

elbow_1	    0.5263,    -0.8401,     2.8840, 

shoulder_1	    0.5247,    -0.5319,     2.8835, 


hand_1	    0.6130,    -1.1038,     2.8427, 

elbow_1	    0.5736,    -0.8019,     2.8906, 

shoulder_1	    0.5723,    -0.4937,     2.8901, 


hand_1	    0.6305,    -1.0825,     2.8515, 

elbow_1	    0.5950,    -0.7794,     2.8947, 

shoulder_1	    0.5940,    -0.4712,     2.8943, 


hand_1	    0.5937,    -1.0773,     2.8541, 

elbow_1	    0.5617,    -0.7732,     2.8930, 

shoulder_1	    0.5609,    -0.4650,     2.8927, 


hand_1	    0.5767,    -1.0787,     2.8564, 

elbow_1	    0.5479,    -0.7739,     2.8914, 

shoulder_1	    0.5473,    -0.4657,     2.8912, 


hand_1	    0.5800,    -1.0876,     2.8672, 

elbow_1	    0.5541,    -0.7821,     2.8988, 

shoulder_1	    0.5536,    -0.4739,     2.8986, 


hand_1	    0.5739,    -1.1208,     2.8766, 

elbow_1	    0.5529,    -0.8144,     2.9022, 

shoulder_1	    0.5526,    -0.5062,     2.9020, 


hand_1	    0.5739,    -1.1208,     2.8766, 

elbow_1	    0.5529,    -0.8144,     2.9022, 

shoulder_1	    0.5526,    -0.5062,     2.9020, 


hand_1	    0.5711,    -1.1198,     2.8826, 

elbow_1	    0.5522,    -0.8131,     2.9057, 

shoulder_1	    0.5519,    -0.5049,     2.9056, 


hand_1	    0.5769,    -1.1210,     2.8789, 

elbow_1	    0.5599,    -0.8139,     2.8997, 

shoulder_1	    0.5596,    -0.5057,     2.8996, 


hand_1	    0.5697,    -1.1465,     2.8726, 

elbow_1	    0.5543,    -0.8393,     2.8913, 

shoulder_1	    0.5542,    -0.5311,     2.8912, 


hand_1	    0.5726,    -1.1538,     2.8740, 

elbow_1	    0.5588,    -0.8463,     2.8908, 

shoulder_1	    0.5586,    -0.5381,     2.8907, 


hand_1	    0.5734,    -1.1574,     2.8754, 

elbow_1	    0.5610,    -0.8498,     2.8905, 

shoulder_1	    0.5609,    -0.5416,     2.8905, 


hand_1	    0.5819,    -1.1730,     2.8855, 

elbow_1	    0.5707,    -0.8653,     2.8991, 

shoulder_1	    0.5706,    -0.5571,     2.8991, 


hand_1	    0.6161,    -1.2215,     2.9169, 

elbow_1	    0.6071,    -0.9136,     2.9280, 

shoulder_1	    0.6070,    -0.6054,     2.9280, 


hand_1	    0.6161,    -1.2215,     2.9169, 

elbow_1	    0.6111,    -0.9388,     2.9250, 

shoulder_1	    0.6110,    -0.6306,     2.9250, 


hand_1	    0.6138,    -1.2415,     2.9395, 

elbow_1	    0.6065,    -0.9335,     2.9484, 

shoulder_1	    0.6064,    -0.6253,     2.9484, 


hand_1	    0.6138,    -1.2415,     2.9395, 

elbow_1	    0.6065,    -0.9335,     2.9484, 

shoulder_1	    0.6064,    -0.6253,     2.9484, 


hand_1	    0.6113,    -1.2387,     2.9520, 

elbow_1	    0.6047,    -0.9307,     2.9601, 

shoulder_1	    0.6046,    -0.6225,     2.9601, 


hand_1	    0.5948,    -1.2824,     2.9303, 

elbow_1	    0.5888,    -0.9743,     2.9376, 

shoulder_1	    0.5888,    -0.6661,     2.9375, 


hand_1	    0.5784,    -1.3051,     2.9202, 

elbow_1	    0.5730,    -0.9970,     2.9267, 

shoulder_1	    0.5730,    -0.6888,     2.9267, 


hand_1	    0.5833,    -1.3164,     2.9122, 

elbow_1	    0.5785,    -1.0083,     2.9181, 

shoulder_1	    0.5784,    -0.7001,     2.9181, 


hand_1	    0.5930,    -1.3323,     2.9038, 

elbow_1	    0.5887,    -1.0242,     2.9091, 

shoulder_1	    0.5887,    -0.7160,     2.9091, 


hand_1	    0.5918,    -1.3509,     2.9067, 

elbow_1	    0.5883,    -1.0427,     2.9110, 

shoulder_1	    0.5883,    -0.7345,     2.9110, 


hand_1	    0.5856,    -1.3517,     2.9105, 

elbow_1	    0.5825,    -1.0435,     2.9143, 

shoulder_1	    0.5824,    -0.7353,     2.9143, 


hand_1	    0.5856,    -1.3517,     2.9105, 

elbow_1	    0.5825,    -1.0435,     2.9143, 

shoulder_1	    0.5824,    -0.7353,     2.9143, 


hand_1	    0.5861,    -1.3523,     2.9130, 

elbow_1	    0.5833,    -1.0442,     2.9164, 

shoulder_1	    0.5833,    -0.7360,     2.9164, 


hand_1	    0.5872,    -1.3527,     2.9146, 

elbow_1	    0.5846,    -1.0445,     2.9177, 

shoulder_1	    0.5846,    -0.7363,     2.9177, 


hand_1	    0.5879,    -1.3528,     2.9156, 

elbow_1	    0.5856,    -1.0446,     2.9184, 

shoulder_1	    0.5856,    -0.7364,     2.9184, 


hand_1	    0.5869,    -1.3505,     2.9185, 

elbow_1	    0.5848,    -1.0423,     2.9210, 

shoulder_1	    0.5848,    -0.7341,     2.9210, 


hand_1	    0.5863,    -1.3494,     2.9200, 

elbow_1	    0.5844,    -1.0412,     2.9223, 

shoulder_1	    0.5844,    -0.7330,     2.9223, 


hand_1	    0.5859,    -1.3488,     2.9209, 

elbow_1	    0.5842,    -1.0406,     2.9229, 

shoulder_1	    0.5842,    -0.7324,     2.9229, 


hand_1	    0.5854,    -1.3484,     2.9217, 

elbow_1	    0.5841,    -1.0402,     2.9234, 

shoulder_1	    0.5841,    -0.7320,     2.9234, 


hand_1	    0.5853,    -1.3483,     2.9220, 

elbow_1	    0.5841,    -1.0401,     2.9235, 

shoulder_1	    0.5841,    -0.7319,     2.9235, 


hand_1	    0.5853,    -1.3483,     2.9220, 

elbow_1	    0.5841,    -1.0401,     2.9235, 

shoulder_1	    0.5841,    -0.7319,     2.9235, 


hand_1	    0.5851,    -1.3483,     2.9223, 

elbow_1	    0.5840,    -1.0401,     2.9236, 

shoulder_1	    0.5840,    -0.7319,     2.9236, 


hand_1	    0.5850,    -1.3483,     2.9225, 

elbow_1	    0.5840,    -1.0401,     2.9237, 

shoulder_1	    0.5840,    -0.7319,     2.9237, 


hand_1	    0.5849,    -1.3483,     2.9226, 

elbow_1	    0.5840,    -1.0401,     2.9237, 

shoulder_1	    0.5840,    -0.7319,     2.9237, 


hand_1	    0.5848,    -1.3483,     2.9227, 

elbow_1	    0.5840,    -1.0401,     2.9237, 

shoulder_1	    0.5840,    -0.7319,     2.9237, 


hand_1	    0.5847,    -1.3483,     2.9228, 

elbow_1	    0.5840,    -1.0401,     2.9237, 

shoulder_1	    0.5840,    -0.7319,     2.9237, 


hand_1	    0.5846,    -1.3483,     2.9229, 

elbow_1	    0.5840,    -1.0401,     2.9237, 

shoulder_1	    0.5840,    -0.7319,     2.9237, 


hand_1	    0.5845,    -1.3483,     2.9230, 

elbow_1	    0.5840,    -1.0401,     2.9237, 

shoulder_1	    0.5840,    -0.7319,     2.9237, 


hand_1	    0.5845,    -1.3483,     2.9231, 

elbow_1	    0.5840,    -1.0401,     2.9237, 

shoulder_1	    0.5840,    -0.7319,     2.9237, 


hand_1	    0.5844,    -1.3483,     2.9231, 

elbow_1	    0.5840,    -1.0401,     2.9237, 

shoulder_1	    0.5840,    -0.7319,     2.9237, 


hand_1	    0.5844,    -1.3483,     2.9232, 

elbow_1	    0.5840,    -1.0401,     2.9237, 

shoulder_1	    0.5840,    -0.7319,     2.9237, 


hand_1	    0.5843,    -1.3483,     2.9233, 

elbow_1	    0.5840,    -1.0401,     2.9237, 

shoulder_1	    0.5840,    -0.7319,     2.9237, 


hand_1	    0.5843,    -1.3483,     2.9233, 

elbow_1	    0.5840,    -1.0401,     2.9237, 

shoulder_1	    0.5840,    -0.7319,     2.9237, 


hand_1	    0.5733,    -1.2580,     2.9822, 

elbow_1	    0.5730,    -0.9498,     2.9826, 

shoulder_1	    0.5730,    -0.6416,     2.9826, 


hand_1	    0.5733,    -1.2580,     2.9822, 

elbow_1	    0.5730,    -0.9498,     2.9826, 

shoulder_1	    0.5730,    -0.6416,     2.9826, 


hand_1	    0.5684,    -1.2136,     3.0121, 

elbow_1	    0.5682,    -0.9054,     3.0124, 

shoulder_1	    0.5682,    -0.5972,     3.0124, 


hand_1	    0.5666,    -1.1915,     3.0267, 

elbow_1	    0.5664,    -0.8833,     3.0270, 

shoulder_1	    0.5664,    -0.5751,     3.0270, 


hand_1	    0.5659,    -1.1805,     3.0338, 

elbow_1	    0.5657,    -0.8723,     3.0341, 

shoulder_1	    0.5657,    -0.5641,     3.0341, 


hand_1	    0.5656,    -1.1751,     3.0374, 

elbow_1	    0.5654,    -0.8669,     3.0376, 

shoulder_1	    0.5654,    -0.5587,     3.0376, 


hand_1	    0.5655,    -1.1723,     3.0392, 

elbow_1	    0.5653,    -0.8641,     3.0394, 

shoulder_1	    0.5653,    -0.5559,     3.0394, 


hand_1	    0.5654,    -1.1710,     3.0401, 

elbow_1	    0.5652,    -0.8628,     3.0402, 

shoulder_1	    0.5652,    -0.5546,     3.0402, 


hand_1	    0.5653,    -1.1703,     3.0405, 

elbow_1	    0.5652,    -0.8621,     3.0407, 

shoulder_1	    0.5652,    -0.5539,     3.0407, 


hand_1	    0.5652,    -1.1698,     3.0409, 

elbow_1	    0.5651,    -0.8616,     3.0411, 

shoulder_1	    0.5651,    -0.5534,     3.0411, 


hand_1	    0.5652,    -1.1698,     3.0409, 

elbow_1	    0.5651,    -0.8616,     3.0411, 

shoulder_1	    0.5651,    -0.5534,     3.0411, 


hand_1	    0.5652,    -1.1697,     3.0411, 

elbow_1	    0.5651,    -0.8615,     3.0412, 

shoulder_1	    0.5651,    -0.5533,     3.0412, 


hand_1	    0.5651,    -1.1697,     3.0411, 

elbow_1	    0.5650,    -0.8615,     3.0412, 

shoulder_1	    0.5650,    -0.5533,     3.0412, 


hand_1	    0.5651,    -1.1696,     3.0412, 

elbow_1	    0.5650,    -0.8614,     3.0413, 

shoulder_1	    0.5650,    -0.5532,     3.0413, 


hand_1	    0.5651,    -1.1696,     3.0412, 

elbow_1	    0.5650,    -0.8614,     3.0413, 

shoulder_1	    0.5650,    -0.5532,     3.0413, 


hand_1	    0.5651,    -1.1696,     3.0412, 

elbow_1	    0.5650,    -0.8614,     3.0413, 

shoulder_1	    0.5650,    -0.5532,     3.0413, 


hand_1	    0.5651,    -1.1696,     3.0412, 

elbow_1	    0.5650,    -0.8614,     3.0413, 

shoulder_1	    0.5650,    -0.5532,     3.0413, 


hand_1	    0.5651,    -1.1696,     3.0412, 

elbow_1	    0.5650,    -0.8614,     3.0413, 

shoulder_1	    0.5650,    -0.5532,     3.0413, 


hand_1	    0.5651,    -1.1696,     3.0412, 

elbow_1	    0.5650,    -0.8614,     3.0413, 

shoulder_1	    0.5650,    -0.5532,     3.0413, 


hand_1	    0.5651,    -1.1696,     3.0413, 

elbow_1	    0.5650,    -0.8614,     3.0413, 

shoulder_1	    0.5650,    -0.5532,     3.0413, 


hand_1	    0.5650,    -1.1696,     3.0413, 

elbow_1	    0.5650,    -0.8614,     3.0413, 

shoulder_1	    0.5650,    -0.5532,     3.0413, 


hand_1	    0.5650,    -1.1696,     3.0413, 

elbow_1	    0.5650,    -0.8614,     3.0413, 

shoulder_1	    0.5650,    -0.5532,     3.0413, 


hand_1	    0.5650,    -1.1696,     3.0413, 

elbow_1	    0.5650,    -0.8614,     3.0413, 

shoulder_1	    0.5650,    -0.5532,     3.0413, 


hand_1	    0.5650,    -1.1696,     3.0413, 

elbow_1	    0.5650,    -0.8614,     3.0413, 

shoulder_1	    0.5650,    -0.5532,     3.0413, 


hand_1	    0.5650,    -1.1696,     3.0413, 

elbow_1	    0.5650,    -0.8614,     3.0413, 

shoulder_1	    0.5650,    -0.5532,     3.0413, 


hand_1	    0.5650,    -1.1696,     3.0413, 

elbow_1	    0.5650,    -0.8614,     3.0413, 

shoulder_1	    0.5650,    -0.5532,     3.0413, 


hand_1	    0.5650,    -1.1696,     3.0413, 

elbow_1	    0.5650,    -0.8614,     3.0413, 

shoulder_1	    0.5650,    -0.5532,     3.0413, 


hand_1	    0.5650,    -1.1696,     3.0413, 

elbow_1	    0.5650,    -0.8614,     3.0413, 

shoulder_1	    0.5650,    -0.5532,     3.0413, 


hand_1	    0.5650,    -1.1696,     3.0413, 

elbow_1	    0.5650,    -0.8614,     3.0413, 

shoulder_1	    0.5650,    -0.5532,     3.0413, 


hand_1	    0.5650,    -1.1696,     3.0413, 

elbow_1	    0.5650,    -0.8614,     3.0413, 

shoulder_1	    0.5650,    -0.5532,     3.0413, 


hand_1	    0.5650,    -1.1696,     3.0413, 

elbow_1	    0.5650,    -0.8614,     3.0413, 

shoulder_1	    0.5650,    -0.5532,     3.0413, 


hand_1	    0.5650,    -1.1696,     3.0413, 

elbow_1	    0.5650,    -0.8614,     3.0413, 

shoulder_1	    0.5650,    -0.5532,     3.0413, 


hand_1	    0.5650,    -1.1696,     3.0413, 

elbow_1	    0.5650,    -0.8614,     3.0413, 

shoulder_1	    0.5650,    -0.5532,     3.0413, 


hand_1	    0.5650,    -1.1696,     3.0413, 

elbow_1	    0.5650,    -0.8614,     3.0413, 

shoulder_1	    0.5650,    -0.5532,     3.0413, 


hand_1	    0.5650,    -1.1696,     3.0413, 

elbow_1	    0.5650,    -0.8614,     3.0413, 

shoulder_1	    0.5650,    -0.5532,     3.0413, 


hand_1	    0.5650,    -1.1696,     3.0413, 

elbow_1	    0.5650,    -0.8614,     3.0413, 

shoulder_1	    0.5650,    -0.5532,     3.0413, 


hand_1	    0.5650,    -1.1696,     3.0413, 

elbow_1	    0.5650,    -0.8614,     3.0413, 

shoulder_1	    0.5650,    -0.5532,     3.0413, 


hand_1	    0.5650,    -1.1696,     3.0413, 

elbow_1	    0.5650,    -0.8614,     3.0413, 

shoulder_1	    0.5650,    -0.5532,     3.0413, 


hand_1	    0.5650,    -1.1696,     3.0413, 

elbow_1	    0.5650,    -0.8614,     3.0413, 

shoulder_1	    0.5650,    -0.5532,     3.0413, 


hand_1	    0.5650,    -1.1696,     3.0413, 

elbow_1	    0.5650,    -0.8614,     3.0413, 

shoulder_1	    0.5650,    -0.5532,     3.0413, 


hand_1	    0.5650,    -1.1696,     3.0413, 

elbow_1	    0.5650,    -0.8614,     3.0413, 

shoulder_1	    0.5650,    -0.5532,     3.0413, 


hand_1	    0.5650,    -1.1696,     3.0413, 

elbow_1	    0.5650,    -0.8614,     3.0413, 

shoulder_1	    0.5650,    -0.5532,     3.0413, 


hand_1	    0.5650,    -1.1696,     3.0413, 

elbow_1	    0.5650,    -0.8614,     3.0413, 

shoulder_1	    0.5650,    -0.5532,     3.0413, 


hand_1	    0.5650,    -1.1696,     3.0413, 

elbow_1	    0.5650,    -0.8614,     3.0413, 

shoulder_1	    0.5650,    -0.5532,     3.0413, 


hand_1	    0.5650,    -1.1696,     3.0413, 

elbow_1	    0.5650,    -0.8614,     3.0413, 

shoulder_1	    0.5650,    -0.5532,     3.0413, 


hand_1	    0.5650,    -1.1696,     3.0413, 

elbow_1	    0.5650,    -0.8614,     3.0413, 

shoulder_1	    0.5650,    -0.5532,     3.0413, 


hand_1	    0.5650,    -1.1696,     3.0413, 

elbow_1	    0.5650,    -0.8614,     3.0413, 

shoulder_1	    0.5650,    -0.5532,     3.0413, 


hand_1	    0.5650,    -1.1696,     3.0413, 

elbow_1	    0.5650,    -0.8614,     3.0413, 

shoulder_1	    0.5650,    -0.5532,     3.0413, 


hand_1	    0.5715,    -1.2300,     2.9804, 

elbow_1	    0.5715,    -0.9218,     2.9804, 

shoulder_1	    0.5715,    -0.6136,     2.9804, 


hand_1	    0.5715,    -1.2300,     2.9804, 

elbow_1	    0.5715,    -0.9218,     2.9804, 

shoulder_1	    0.5715,    -0.6136,     2.9804, 


hand_1	    0.5729,    -1.2403,     2.9703, 

elbow_1	    0.5729,    -0.9321,     2.9704, 

shoulder_1	    0.5729,    -0.6239,     2.9704, 


hand_1	    0.5736,    -1.2456,     2.9653, 

elbow_1	    0.5736,    -0.9374,     2.9653, 

shoulder_1	    0.5736,    -0.6292,     2.9653, 


hand_1	    0.5740,    -1.2483,     2.9628, 

elbow_1	    0.5740,    -0.9401,     2.9628, 

shoulder_1	    0.5740,    -0.6319,     2.9628, 


hand_1	    0.5742,    -1.2497,     2.9615, 

elbow_1	    0.5742,    -0.9415,     2.9615, 

shoulder_1	    0.5742,    -0.6333,     2.9615, 


hand_1	    0.5743,    -1.2504,     2.9609, 

elbow_1	    0.5743,    -0.9422,     2.9609, 

shoulder_1	    0.5743,    -0.6340,     2.9609, 


hand_1	    0.5744,    -1.2509,     2.9605, 

elbow_1	    0.5744,    -0.9427,     2.9605, 

shoulder_1	    0.5744,    -0.6345,     2.9605, 


hand_1	    0.5744,    -1.2509,     2.9605, 

elbow_1	    0.5744,    -0.9427,     2.9605, 

shoulder_1	    0.5744,    -0.6345,     2.9605, 


hand_1	    0.5744,    -1.2509,     2.9604, 

elbow_1	    0.5744,    -0.9427,     2.9604, 

shoulder_1	    0.5744,    -0.6345,     2.9604, 


hand_1	    0.5744,    -1.2509,     2.9604, 

elbow_1	    0.5744,    -0.9427,     2.9604, 

shoulder_1	    0.5744,    -0.6345,     2.9604, 


hand_1	    0.5744,    -1.2509,     2.9603, 

elbow_1	    0.5744,    -0.9427,     2.9603, 

shoulder_1	    0.5744,    -0.6345,     2.9603, 


hand_1	    0.5744,    -1.2509,     2.9603, 

elbow_1	    0.5744,    -0.9427,     2.9603, 

shoulder_1	    0.5744,    -0.6345,     2.9603, 


hand_1	    0.5744,    -1.2509,     2.9603, 

elbow_1	    0.5744,    -0.9427,     2.9603, 

shoulder_1	    0.5744,    -0.6345,     2.9603, 


hand_1	    0.5744,    -1.2509,     2.9603, 

elbow_1	    0.5744,    -0.9427,     2.9603, 

shoulder_1	    0.5744,    -0.6345,     2.9603, 


hand_1	    0.5744,    -1.2509,     2.9603, 

elbow_1	    0.5744,    -0.9427,     2.9603, 

shoulder_1	    0.5744,    -0.6345,     2.9603, 


hand_1	    0.5744,    -1.2509,     2.9603, 

elbow_1	    0.5744,    -0.9427,     2.9603, 

shoulder_1	    0.5744,    -0.6345,     2.9603, 


hand_1	    0.5744,    -1.2509,     2.9603, 

elbow_1	    0.5744,    -0.9427,     2.9603, 

shoulder_1	    0.5744,    -0.6345,     2.9603, 


hand_1	    0.5744,    -1.2509,     2.9603, 

elbow_1	    0.5744,    -0.9427,     2.9603, 

shoulder_1	    0.5744,    -0.6345,     2.9603, 


hand_1	    0.5744,    -1.2509,     2.9603, 

elbow_1	    0.5744,    -0.9427,     2.9603, 

shoulder_1	    0.5744,    -0.6345,     2.9603, 


hand_1	    0.5744,    -1.2509,     2.9603, 

elbow_1	    0.5744,    -0.9427,     2.9603, 

shoulder_1	    0.5744,    -0.6345,     2.9603, 


hand_1	    0.5744,    -1.2509,     2.9603, 

elbow_1	    0.5744,    -0.9427,     2.9603, 

shoulder_1	    0.5744,    -0.6345,     2.9603, 


hand_1	    0.5744,    -1.2509,     2.9603, 

elbow_1	    0.5744,    -0.9427,     2.9603, 

shoulder_1	    0.5744,    -0.6345,     2.9603, 


hand_1	    0.5744,    -1.2509,     2.9603, 

elbow_1	    0.5744,    -0.9427,     2.9603, 

shoulder_1	    0.5744,    -0.6345,     2.9603, 


hand_1	    0.5744,    -1.2509,     2.9603, 

elbow_1	    0.5744,    -0.9427,     2.9603, 

shoulder_1	    0.5744,    -0.6345,     2.9603, 


hand_1	    0.5744,    -1.2509,     2.9603, 

elbow_1	    0.5744,    -0.9427,     2.9603, 

shoulder_1	    0.5744,    -0.6345,     2.9603, 


hand_1	    0.5744,    -1.2509,     2.9603, 

elbow_1	    0.5744,    -0.9427,     2.9603, 

shoulder_1	    0.5744,    -0.6345,     2.9603, 


hand_1	    0.5744,    -1.2509,     2.9603, 

elbow_1	    0.5744,    -0.9427,     2.9603, 

shoulder_1	    0.5744,    -0.6345,     2.9603, 


hand_1	    0.5744,    -1.2509,     2.9603, 

elbow_1	    0.5744,    -0.9427,     2.9603, 

shoulder_1	    0.5744,    -0.6345,     2.9603, 


hand_1	    0.5744,    -1.2509,     2.9603, 

elbow_1	    0.5744,    -0.9427,     2.9603, 

shoulder_1	    0.5744,    -0.6345,     2.9603, 


hand_1	    0.5744,    -1.2509,     2.9603, 

elbow_1	    0.5744,    -0.9427,     2.9603, 

shoulder_1	    0.5744,    -0.6345,     2.9603, 


hand_1	    0.5744,    -1.2509,     2.9603, 

elbow_1	    0.5744,    -0.9427,     2.9603, 

shoulder_1	    0.5744,    -0.6345,     2.9603, 


hand_1	    0.5744,    -1.2509,     2.9603, 

elbow_1	    0.5744,    -0.9427,     2.9603, 

shoulder_1	    0.5744,    -0.6345,     2.9603, 


hand_1	    0.5744,    -1.2509,     2.9603, 

elbow_1	    0.5744,    -0.9427,     2.9603, 

shoulder_1	    0.5744,    -0.6345,     2.9603, 


hand_1	    0.5744,    -1.2509,     2.9603, 

elbow_1	    0.5744,    -0.9427,     2.9603, 

shoulder_1	    0.5744,    -0.6345,     2.9603, 


hand_1	    0.5744,    -1.2509,     2.9603, 

elbow_1	    0.5744,    -0.9427,     2.9603, 

shoulder_1	    0.5744,    -0.6345,     2.9603, 


hand_1	    0.5744,    -1.2509,     2.9603, 

elbow_1	    0.5744,    -0.9427,     2.9603, 

shoulder_1	    0.5744,    -0.6345,     2.9603, 


hand_1	    0.5744,    -1.2509,     2.9603, 

elbow_1	    0.5744,    -0.9427,     2.9603, 

shoulder_1	    0.5744,    -0.6345,     2.9603, 


hand_1	    0.5744,    -1.2509,     2.9603, 

elbow_1	    0.5744,    -0.9427,     2.9603, 

shoulder_1	    0.5744,    -0.6345,     2.9603, 
