
wave plan
0 0 0 0 0 0 0
0.057047 -0.032745 0.033293 -0.017987 -0.024274 0.0048063 0.34142
0.11409 -0.065489 0.066585 -0.035973 -0.048548 0.0096126 0.490045
0.17114 -0.098234 0.099878 -0.05396 -0.072822 0.014419 0.602892
0.22819 -0.13098 0.13317 -0.071946 -0.097096 0.019225 0.698449
0.28523 -0.16372 0.16646 -0.089933 -0.12137 0.024032 0.783009
0.34228 -0.19647 0.19976 -0.10792 -0.14564 0.028838 0.859604
0.39933 -0.22921 0.23305 -0.12591 -0.16992 0.033644 0.930144
0.45637 -0.26196 0.26634 -0.14389 -0.19419 0.038451 0.995297
0.51342 -0.2947 0.29963 -0.16188 -0.21847 0.043257 1.05711
0.57047 -0.32745 0.33293 -0.17987 -0.24274 0.048063 1.11592
0.62751 -0.36019 0.36622 -0.19785 -0.26702 0.052869 1.17243
0.68456 -0.39293 0.39951 -0.21584 -0.29129 0.057676 1.22694
0.74821 -0.42935 0.43197 -0.23722 -0.31615 0.062722 1.28537
0.81186 -0.46576 0.46443 -0.25861 -0.34101 0.067769 1.34498
0.87551 -0.50217 0.49688 -0.28 -0.36588 0.072815 1.407
0.93915 -0.53859 0.52934 -0.30138 -0.39074 0.077862 1.47219
1.0028 -0.575 0.5618 -0.32277 -0.4156 0.082908 1.54139
1.0665 -0.61141 0.59425 -0.34415 -0.44047 0.087955 1.61484
1.1301 -0.64783 0.62671 -0.36554 -0.46533 0.093001 1.69369
1.1937 -0.68424 0.65917 -0.38693 -0.49019 0.098048 1.7804
1.2574 -0.72065 0.69163 -0.40831 -0.51505 0.10309 1.8774
1.321 -0.75706 0.72408 -0.4297 -0.53992 0.10814 1.99258
1.3886 -0.79538 0.74592 -0.45594 -0.56033 0.11265 2.09649
1.4561 -0.8337 0.76776 -0.48217 -0.58074 0.11715 2.18832
1.5237 -0.87201 0.78959 -0.50841 -0.60116 0.12166 2.2713
1.5912 -0.91033 0.81143 -0.53465 -0.62157 0.12616 2.36012
1.6588 -0.94864 0.83327 -0.56089 -0.64198 0.13067 2.45949
1.7263 -0.98696 0.8551 -0.58712 -0.66239 0.13517 2.57496
1.7939 -1.0253 0.87694 -0.61336 -0.68281 0.13968 2.71102
1.8614 -1.0636 0.89878 -0.6396 -0.70322 0.14418 2.91168
1.9274 -1.1003 0.89042 -0.67359 -0.70911 0.14659 3.0837
1.9934 -1.137 0.88207 -0.70759 -0.71499 0.14899 3.21947
2.0595 -1.1736 0.87371 -0.74158 -0.72088 0.15139 3.32973
2.1255 -1.2103 0.86536 -0.77557 -0.72677 0.15379 3.44456
2.1915 -1.247 0.857 -0.80957 -0.73265 0.1562 3.59384
2.2575 -1.2837 0.84865 -0.84356 -0.73854 0.1586 3.85564
2.2915 -1.3012 0.79033 -0.87624 -0.71598 0.15619 4.06982
2.3255 -1.3187 0.73202 -0.90891 -0.69343 0.15379 4.20054
2.3595 -1.3361 0.67371 -0.94158 -0.67087 0.15138 4.30587
2.3935 -1.3536 0.61539 -0.97426 -0.64832 0.14898 4.4093
2.4274 -1.3711 0.55708 -1.0069 -0.62577 0.14657 4.53771
2.4614 -1.3886 0.49876 -1.0396 -0.60321 0.14417 4.69182
2.4714 -1.3917 0.40298 -1.0713 -0.55932 0.13816 4.88374
2.4813 -1.3948 0.30719 -1.103 -0.51544 0.13215 5.0497
2.4912 -1.3978 0.21141 -1.1347 -0.47155 0.12614 5.18307
2.5012 -1.4009 0.11563 -1.1663 -0.42767 0.12013 5.29831
2.5111 -1.404 0.019843 -1.198 -0.38378 0.11412 5.43092
2.5211 -1.4071 -0.075941 -1.2297 -0.3399 0.1081 5.59661
2.5165 -1.4022 -0.16651 -1.253 -0.29632 0.10179 5.733
2.5119 -1.3973 -0.25709 -1.2763 -0.25274 0.095484 5.84891
2.5074 -1.3924 -0.34766 -1.2995 -0.20916 0.089174 5.95245
2.5028 -1.3875 -0.43823 -1.3228 -0.16558 0.082863 6.04731
2.4983 -1.3826 -0.52881 -1.3461 -0.122 0.076553 6.13526
2.4937 -1.3777 -0.61938 -1.3693 -0.078419 0.070242 6.21774
2.4891 -1.3729 -0.70995 -1.3926 -0.034839 0.063932 6.30098
2.4846 -1.368 -0.80053 -1.4159 0.0087406 0.057621 6.39117
2.4761 -1.3612 -0.88048 -1.4343 0.047871 0.051852 6.46575
2.4677 -1.3544 -0.96043 -1.4527 0.087 0.046083 6.53824
2.4592 -1.3476 -1.0404 -1.4711 0.12613 0.040313 6.61449
2.4508 -1.3408 -1.1203 -1.4895 0.16526 0.034544 6.69529
2.4423 -1.334 -1.2003 -1.5079 0.20439 0.028774 6.78188
2.4317 -1.3255 -1.3002 -1.531 0.2533 0.021563 6.90233
2.4212 -1.317 -1.4002 -1.554 0.30221 0.014351 7.0457
2.4106 -1.3085 -1.5001 -1.577 0.35113 0.0071392 7.23314
2.4 -1.3 -1.6 -1.6 0.40004 -7.2512e-05 7.68645
wave plan
0 0 0 0 0 0 0
0.060745 -0.029295 0.026436 -0.021497 -0.0026495 -0.01185 0.346894
0.12149 -0.058589 0.052872 -0.042994 -0.0052991 -0.023699 0.492646
0.18223 -0.087884 0.079309 -0.064491 -0.0079486 -0.035549 0.606058
0.24298 -0.11718 0.10574 -0.085988 -0.010598 -0.047398 0.702119
0.30372 -0.14647 0.13218 -0.10748 -0.013248 -0.059248 0.7968
0.36447 -0.17577 0.15862 -0.12898 -0.015897 -0.071098 0.909194
0.42521 -0.20506 0.18505 -0.15048 -0.018547 -0.082947 1.05354
0.48596 -0.23436 0.21149 -0.17198 -0.021196 -0.094797 1.33369
0.46454 -0.22433 0.16676 -0.22687 -0.024029 -0.13557 1.63447
0.44313 -0.2143 0.12203 -0.28177 -0.026862 -0.17634 1.77276
0.42172 -0.20427 0.077298 -0.33667 -0.029695 -0.21712 1.87851
0.4003 -0.19424 0.032567 -0.39157 -0.032529 -0.25789 1.968
0.37889 -0.18421 -0.012163 -0.44646 -0.035362 -0.29867 2.04982
0.35748 -0.17418 -0.056894 -0.50136 -0.038195 -0.33944 2.14177
0.33606 -0.16415 -0.10162 -0.55626 -0.041028 -0.38021 2.24988
0.31465 -0.15412 -0.14635 -0.61116 -0.043861 -0.42099 2.38612
0.29324 -0.14409 -0.19109 -0.66606 -0.046694 -0.46176 2.65689
0.35931 -0.22003 -0.19186 -0.66549 -0.027831 -0.45042 2.97249
0.42538 -0.29598 -0.19264 -0.66492 -0.0089683 -0.43908 3.13172
0.49145 -0.37192 -0.19342 -0.66435 0.0098945 -0.42774 3.25702
0.55752 -0.44786 -0.19419 -0.66378 0.028757 -0.4164 3.36405
0.62359 -0.52381 -0.19497 -0.66322 0.04762 -0.40506 3.45914
0.68966 -0.59975 -0.19575 -0.66265 0.066483 -0.39372 3.54608
0.75574 -0.6757 -0.19652 -0.66208 0.085346 -0.38237 3.62637
0.82181 -0.75164 -0.1973 -0.66151 0.10421 -0.37103 3.702
0.88788 -0.82759 -0.19808 -0.66094 0.12307 -0.35969 3.77325
0.95395 -0.90353 -0.19885 -0.66037 0.14193 -0.34835 3.84105
1.02 -0.97947 -0.19963 -0.65981 0.1608 -0.33701 3.91159
1.0861 -1.0554 -0.20041 -0.65924 0.17966 -0.32567 3.98574
1.1522 -1.1314 -0.20119 -0.65867 0.19852 -0.31433 4.06445
1.2182 -1.2073 -0.20196 -0.6581 0.21739 -0.30299 4.14883
1.2843 -1.2833 -0.20274 -0.65753 0.23625 -0.29165 4.24112
1.3504 -1.3592 -0.20352 -0.65697 0.25511 -0.2803 4.34354
1.4164 -1.4351 -0.20429 -0.6564 0.27397 -0.26896 4.46223
1.4825 -1.5111 -0.20507 -0.65583 0.29284 -0.25762 4.59616
1.5486 -1.587 -0.20585 -0.65526 0.3117 -0.24628 4.75872
1.6147 -1.663 -0.20662 -0.65469 0.33056 -0.23494 5.13388
1.5879 -1.5951 -0.16736 -0.64172 0.3078 -0.23368 5.51649
1.5612 -1.5273 -0.12809 -0.62874 0.28504 -0.23242 5.66872
1.5345 -1.4595 -0.088822 -0.61577 0.26227 -0.23116 5.78727
1.5078 -1.3916 -0.049555 -0.60279 0.23951 -0.22989 5.88835
1.4811 -1.3238 -0.010288 -0.58981 0.21675 -0.22863 5.97856
1.4543 -1.256 0.028979 -0.57684 0.19398 -0.22737 6.06055
1.4276 -1.1881 0.068246 -0.56386 0.17122 -0.22611 6.13649
1.4009 -1.1203 0.10751 -0.55089 0.14846 -0.22485 6.20679
1.3742 -1.0525 0.14678 -0.53791 0.12569 -0.22359 6.27851
1.3474 -0.98463 0.18605 -0.52493 0.10293 -0.22233 6.35545
1.3207 -0.91679 0.22532 -0.51196 0.080167 -0.22107 6.43823
1.294 -0.84896 0.26458 -0.49898 0.057404 -0.2198 6.52899
1.2673 -0.78112 0.30385 -0.486 0.034641 -0.21854 6.63115
1.2406 -0.71329 0.34312 -0.47303 0.011878 -0.21728 6.75226
1.2138 -0.64546 0.38238 -0.46005 -0.010886 -0.21602 6.91277
1.1871 -0.57762 0.42165 -0.44708 -0.033649 -0.21476 7.22949
1.2589 -0.61392 0.42121 -0.48145 -0.030734 -0.22315 7.55847
1.3306 -0.65023 0.42077 -0.51583 -0.02782 -0.23154 7.7162
1.4023 -0.68653 0.42032 -0.5502 -0.024905 -0.23993 7.83937
1.4842 -0.72801 0.41921 -0.58962 -0.021462 -0.24939 7.9581
1.5661 -0.76948 0.4181 -0.62903 -0.01802 -0.25886 8.06166
1.648 -0.81096 0.41699 -0.66844 -0.014577 -0.26833 8.18134
1.7299 -0.85243 0.41588 -0.70786 -0.011134 -0.2778 8.32661
1.7908 -0.88346 0.41187 -0.73809 -0.0079655 -0.28428 8.4724
1.8518 -0.9145 0.40786 -0.76832 -0.0047966 -0.29077 8.77025
1.903 -0.94352 0.35046 -0.80909 0.008182 -0.28666 8.98677
1.9543 -0.97255 0.29307 -0.84987 0.021161 -0.28255 9.11925
1.9992 -0.99819 0.23893 -0.88669 0.033265 -0.27827 9.21916
2.0442 -1.0238 0.1848 -0.92351 0.04537 -0.27399 9.30572
2.0891 -1.0495 0.13067 -0.96033 0.057475 -0.26971 9.38362
2.134 -1.0751 0.07654 -0.99715 0.06958 -0.26543 9.46231
2.179 -1.1008 0.022408 -1.034 0.081685 -0.26115 9.55021
2.2239 -1.1264 -0.031723 -1.0708 0.093789 -0.25687 9.6401
2.2664 -1.1516 -0.10085 -1.1107 0.10866 -0.24965 9.74362
2.3089 -1.1768 -0.16998 -1.1506 0.12353 -0.24243 9.83529
2.3514 -1.2021 -0.23911 -1.1905 0.1384 -0.23521 9.93286
2.3939 -1.2273 -0.30823 -1.2304 0.15327 -0.22799 10.0466
2.4364 -1.2525 -0.37736 -1.2704 0.16815 -0.22077 10.1779
2.4789 -1.2777 -0.44649 -1.3103 0.18302 -0.21355 10.3593
2.4936 -1.2903 -0.54267 -1.3446 0.20195 -0.19825 10.5635
2.5083 -1.303 -0.63885 -1.3789 0.22089 -0.18296 10.7133
2.5229 -1.3156 -0.73504 -1.4132 0.23983 -0.16766 10.8611
2.5376 -1.3282 -0.83122 -1.4475 0.25877 -0.15237 11.0561
2.5278 -1.3282 -0.92364 -1.4691 0.27602 -0.13485 11.2512
2.5179 -1.3282 -1.0161 -1.4906 0.29327 -0.11732 11.3957
2.5081 -1.3282 -1.1085 -1.5122 0.31053 -0.099799 11.5559
2.4982 -1.3282 -1.2009 -1.5337 0.32778 -0.082274 11.8017
2.4737 -1.3212 -1.3007 -1.5503 0.34585 -0.061711 11.975
2.4491 -1.3141 -1.4005 -1.5669 0.36393 -0.041148 12.1193
2.4245 -1.307 -1.5002 -1.5835 0.382 -0.020585 12.3047
2.3999 -1.3 -1.6 -1.6 0.40008 -2.2008e-05 12.7522
wave plan
0 0 0 0 0 0 0
0.067695 -0.03639 0.0069934 -0.023468 -0.017962 0.026033 0.371952
0.13539 -0.07278 0.013987 -0.046936 -0.035924 0.052067 0.526038
0.20309 -0.10917 0.02098 -0.070404 -0.053887 0.0781 0.644427
0.27078 -0.14556 0.027974 -0.093872 -0.071849 0.10413 0.745865
0.33848 -0.18195 0.034967 -0.11734 -0.089811 0.13017 0.836101
0.40617 -0.21834 0.04196 -0.14081 -0.10777 0.1562 0.918077
0.47387 -0.25473 0.048954 -0.16428 -0.12574 0.18223 0.993771
0.54156 -0.29112 0.055947 -0.18774 -0.1437 0.20827 1.06452
0.60926 -0.32751 0.062941 -0.21121 -0.16166 0.2343 1.13152
0.67695 -0.3639 0.069934 -0.23468 -0.17962 0.26033 1.19527
0.74465 -0.40029 0.076927 -0.25815 -0.19758 0.28637 1.26029
0.81234 -0.43668 0.083921 -0.28161 -0.21555 0.3124 1.32827
0.88004 -0.47307 0.090914 -0.30508 -0.23351 0.33843 1.4
0.94773 -0.50946 0.097908 -0.32855 -0.25147 0.36447 1.47713
1.0154 -0.54585 0.1049 -0.35202 -0.26943 0.3905 1.54914
1.0831 -0.58224 0.11189 -0.37549 -0.28739 0.41653 1.61693
1.1537 -0.62021 0.11669 -0.401 -0.30473 0.44244 1.68942
1.2243 -0.65818 0.12148 -0.42652 -0.32206 0.46834 1.76792
1.2949 -0.69615 0.12628 -0.45204 -0.33939 0.49425 1.85311
1.3656 -0.73412 0.13107 -0.47755 -0.35673 0.52015 1.94753
1.4362 -0.77209 0.13587 -0.50307 -0.37406 0.54606 2.05441
1.5068 -0.81005 0.14066 -0.52859 -0.39139 0.57196 2.18138
1.5676 -0.84275 0.14319 -0.55122 -0.40541 0.59347 2.27403
1.6283 -0.87544 0.14572 -0.57385 -0.41944 0.61497 2.35737
1.6891 -0.90814 0.14825 -0.59648 -0.43346 0.63647 2.43976
1.7499 -0.94083 0.15078 -0.61911 -0.44749 0.65797 2.53181
1.8107 -0.97352 0.15331 -0.64174 -0.46151 0.67947 2.63824
1.8715 -1.0062 0.15584 -0.66437 -0.47553 0.70098 2.77027
1.9332 -1.0394 0.15284 -0.68965 -0.48665 0.72002 2.98396
1.9949 -1.0726 0.14983 -0.71493 -0.49776 0.73906 3.12008
2.0565 -1.1059 0.14683 -0.74022 -0.50887 0.75811 3.25605
2.1182 -1.1391 0.14383 -0.7655 -0.51998 0.77715 3.48261
2.2122 -1.1897 0.13104 -0.80741 -0.53227 0.80203 3.67843
2.3061 -1.2403 0.11824 -0.84931 -0.54457 0.82691 3.92974
2.3376 -1.2575 0.075742 -0.87927 -0.52727 0.81619 4.21198
2.3692 -1.2747 0.033247 -0.90923 -0.50998 0.80548 4.33333
2.4008 -1.2919 -0.0092492 -0.93919 -0.49268 0.79477 4.44521
2.4323 -1.3091 -0.051745 -0.96915 -0.47539 0.78405 4.61811
2.4571 -1.3229 -0.12646 -1.0099 -0.43862 0.75499 4.80511
2.4819 -1.3366 -0.20117 -1.0506 -0.40184 0.72593 4.94011
2.5067 -1.3504 -0.27588 -1.0913 -0.36507 0.69687 5.07265
2.5315 -1.3641 -0.35059 -1.132 -0.32829 0.66781 5.25134
2.5362 -1.3669 -0.3985 -1.1537 -0.30238 0.64543 5.36592
2.5408 -1.3696 -0.4464 -1.1754 -0.27646 0.62304 5.53378
2.5501 -1.3751 -0.54221 -1.2188 -0.22463 0.57828 5.73961
2.5547 -1.3779 -0.59011 -1.2406 -0.19872 0.55589 5.8196
2.5593 -1.3806 -0.63801 -1.2623 -0.17281 0.53351 5.89878
2.5686 -1.3861 -0.73382 -1.3057 -0.12098 0.48874 6.09966
2.5611 -1.3824 -0.78671 -1.3248 -0.089747 0.45983 6.27857
2.5536 -1.3786 -0.8396 -1.3438 -0.058517 0.43091 6.39878
2.5461 -1.3749 -0.89249 -1.3629 -0.027287 0.402 6.49558
2.5386 -1.3711 -0.94538 -1.3819 0.0039422 0.37308 6.5802
2.5311 -1.3673 -0.99827 -1.401 0.035172 0.34417 6.6565
2.5236 -1.3636 -1.0512 -1.42 0.066401 0.31525 6.73368
2.5161 -1.3598 -1.1041 -1.4391 0.097631 0.28634 6.81988
2.5086 -1.3561 -1.1569 -1.4582 0.12886 0.25742 6.9191
2.495 -1.3491 -1.2123 -1.4759 0.16275 0.22524 7.02956
2.4815 -1.3421 -1.2677 -1.4936 0.19663 0.19306 7.12272
2.4679 -1.3351 -1.3231 -1.5113 0.23052 0.16087 7.20421
2.4543 -1.3281 -1.3785 -1.5291 0.26441 0.12869 7.28358
2.4272 -1.314 -1.4892 -1.5645 0.33218 0.064329 7.47982
2.4 -1.3 -1.6 -1.6 0.39996 -3.4442e-05 7.95257
wave plan
0 0 0 0 0 0 0
0.012704 -0.043297 0.038763 -0.041598 0.021804 0.040297 0.300297
0.025408 -0.086594 0.077525 -0.083195 0.043609 0.080595 0.423425
0.038112 -0.12989 0.11629 -0.12479 0.065413 0.12089 0.517569
0.050816 -0.17319 0.15505 -0.16639 0.087217 0.16119 0.597636
0.06352 -0.21648 0.19381 -0.20799 0.10902 0.20149 0.668691
0.076224 -0.25978 0.23258 -0.24959 0.13083 0.24178 0.733659
0.085752 -0.29225 0.26165 -0.28078 0.14718 0.27201 0.784364
0.09528 -0.32473 0.29072 -0.31198 0.16353 0.30223 0.838727
0.10481 -0.3572 0.31979 -0.34318 0.17989 0.33245 0.897453
0.11434 -0.38967 0.34886 -0.37438 0.19624 0.36268 0.954023
0.12704 -0.43297 0.38763 -0.41598 0.21804 0.40297 1.03902
0.13974 -0.47627 0.42639 -0.45757 0.23985 0.44327 1.14124
0.15245 -0.51956 0.46515 -0.49917 0.26165 0.48357 1.26154
0.1643 -0.55418 0.49383 -0.53272 0.27887 0.51477 1.37566
0.17615 -0.58879 0.5225 -0.56627 0.29609 0.54597 1.46532
0.18799 -0.62341 0.55117 -0.59982 0.31331 0.57718 1.54058
0.19984 -0.65803 0.57985 -0.63337 0.33053 0.60838 1.60705
0.21169 -0.69264 0.60852 -0.66693 0.34775 0.63958 1.66722
0.22354 -0.72726 0.63719 -0.70048 0.36496 0.67079 1.72279
0.24067 -0.77267 0.67264 -0.74477 0.38735 0.71077 1.79543
0.2578 -0.81808 0.70808 -0.78906 0.40974 0.75076 1.87728
0.27494 -0.86349 0.74352 -0.83335 0.43213 0.79074 1.9735
0.29207 -0.90891 0.77897 -0.87764 0.45452 0.83072 2.09637
0.30792 -0.9413 0.79928 -0.90987 0.47003 0.85707 2.19083
0.32377 -0.97369 0.81959 -0.94209 0.48554 0.88341 2.26722
0.33962 -1.0061 0.8399 -0.97431 0.50105 0.90975 2.33368
0.35547 -1.0385 0.86021 -1.0065 0.51656 0.93609 2.40365
0.38588 -1.0902 0.88569 -1.0589 0.54071 0.97514 2.53339
0.4163 -1.142 0.91118 -1.1113 0.56485 1.0142 2.77278
0.45139 -1.1645 0.89239 -1.1379 0.57261 1.0181 2.95656
0.48648 -1.1871 0.8736 -1.1645 0.58038 1.022 3.06257
0.52157 -1.2097 0.85481 -1.1912 0.58815 1.026 3.1553
0.55666 -1.2322 0.83602 -1.2178 0.59591 1.0299 3.28754
0.60623 -1.2485 0.78922 -1.2412 0.59844 1.0182 3.45307
0.6558 -1.2647 0.74241 -1.2646 0.60096 1.0064 3.56704
0.70537 -1.2809 0.69561 -1.288 0.60349 0.99469 3.66783
0.75494 -1.2972 0.64881 -1.3114 0.60601 0.98295 3.79936
0.79839 -1.3013 0.59467 -1.3227 0.60276 0.96148 3.95717
0.84185 -1.3055 0.54053 -1.334 0.59951 0.94001 4.08494
0.88531 -1.3096 0.48639 -1.3453 0.59626 0.91853 4.18733
0.92876 -1.3137 0.43225 -1.3566 0.59301 0.89706 4.27583
0.97222 -1.3179 0.37811 -1.368 0.58976 0.87559 4.35473
1.0157 -1.322 0.32397 -1.3793 0.58651 0.85412 4.44034
1.1026 -1.3303 0.21569 -1.4019 0.58001 0.81117 4.66116
1.1516 -1.3298 0.14795 -1.41 0.57357 0.78127 4.94106
1.2007 -1.3294 0.080215 -1.4181 0.56714 0.75137 5.09017
1.2497 -1.3289 0.012477 -1.4263 0.5607 0.72148 5.20689
1.2988 -1.3284 -0.055262 -1.4344 0.55426 0.69158 5.30718
1.3478 -1.328 -0.123 -1.4425 0.54783 0.66168 5.39651
1.3968 -1.3275 -0.19074 -1.4506 0.54139 0.63178 5.47819
1.4459 -1.3271 -0.25848 -1.4587 0.53495 0.60188 5.55288
1.4949 -1.3266 -0.32622 -1.4668 0.52852 0.57198 5.62323
1.544 -1.3262 -0.39395 -1.4749 0.52208 0.54208 5.69017
1.593 -1.3257 -0.46169 -1.4831 0.51564 0.51218 5.75386
1.642 -1.3253 -0.52943 -1.4912 0.5092 0.48228 5.81507
1.6911 -1.3248 -0.59717 -1.4993 0.50277 0.45238 5.87389
1.7501 -1.3227 -0.68073 -1.5077 0.4942 0.41469 5.94265
1.8092 -1.3207 -0.76429 -1.5161 0.48562 0.377 6.00911
1.8683 -1.3186 -0.84785 -1.5245 0.47705 0.33931 6.07896
1.9274 -1.3166 -0.93142 -1.5329 0.46848 0.30162 6.15237
1.9864 -1.3145 -1.015 -1.5413 0.45991 0.26393 6.23108
2.0455 -1.3124 -1.0985 -1.5497 0.45134 0.22624 6.31463
2.1046 -1.3104 -1.1821 -1.5581 0.44276 0.18855 6.40497
2.1637 -1.3083 -1.2657 -1.5665 0.43419 0.15086 6.50407
2.2227 -1.3062 -1.3492 -1.5749 0.42562 0.11317 6.61511
2.3114 -1.3032 -1.4746 -1.5875 0.41276 0.056629 6.82529
2.4 -1.3001 -1.5999 -1.6001 0.39991 9.2321e-05 7.33183
wave plan
0 0 0 0 0 0 0
-0.008325 -0.032882 0.02272 -0.052647 0.014142 0.034544 0.324544
-0.01665 -0.065763 0.045441 -0.10529 0.028285 0.069089 0.469396
-0.024975 -0.098645 0.068161 -0.15794 0.042427 0.10363 0.578344
-0.0333 -0.13153 0.090882 -0.21059 0.05657 0.13818 0.669983
-0.041625 -0.16441 0.1136 -0.26323 0.070712 0.17272 0.750978
-0.04995 -0.19729 0.13632 -0.31588 0.084854 0.20727 0.824565
-0.058275 -0.23017 0.15904 -0.36853 0.098997 0.24181 0.892522
-0.0666 -0.26305 0.18176 -0.42117 0.11314 0.27635 0.962666
-0.074925 -0.29594 0.20448 -0.47382 0.12728 0.3109 1.03893
-0.08325 -0.32882 0.2272 -0.52647 0.14142 0.34544 1.10882
-0.087668 -0.36732 0.24893 -0.58718 0.15767 0.38323 1.18369
-0.092086 -0.40582 0.27065 -0.64788 0.17392 0.42101 1.25343
-0.096504 -0.44433 0.29238 -0.70859 0.19017 0.45879 1.32487
-0.10092 -0.48283 0.31411 -0.7693 0.20642 0.49657 1.39947
-0.10534 -0.52133 0.33583 -0.83 0.22267 0.53436 1.4809
-0.10976 -0.55984 0.35756 -0.89071 0.23892 0.57214 1.57315
-0.11418 -0.59834 0.37928 -0.95142 0.25517 0.60992 1.67294
-0.11859 -0.63684 0.40101 -1.0121 0.27142 0.64771 1.77988
-0.10851 -0.68125 0.41217 -1.0795 0.28928 0.68369 1.91229
-0.098436 -0.72566 0.42334 -1.1468 0.30714 0.71967 2.02063
-0.088358 -0.77007 0.43451 -1.2141 0.32499 0.75565 2.11984
-0.078279 -0.81448 0.44567 -1.2815 0.34285 0.79164 2.23524
-0.068201 -0.85889 0.45684 -1.3488 0.36071 0.82762 2.37989
-0.058122 -0.90329 0.46801 -1.4162 0.37857 0.8636 2.58588
-0.02409 -0.93731 0.45248 -1.4631 0.39071 0.878 2.73681
0.0099426 -0.97132 0.43694 -1.51 0.40285 0.89239 2.84462
0.043975 -1.0053 0.42141 -1.557 0.415 0.90678 2.93387
0.078007 -1.0393 0.40588 -1.6039 0.42714 0.92117 3.03039
0.11204 -1.0734 0.39034 -1.6508 0.43929 0.93556 3.15194
0.14607 -1.1074 0.37481 -1.6978 0.45143 0.94996 3.35742
0.21204 -1.1275 0.32367 -1.7175 0.45596 0.93556 3.54465
0.27801 -1.1477 0.27254 -1.7372 0.46048 0.92116 3.68692
0.34398 -1.1678 0.22141 -1.757 0.46501 0.90677 3.80014
0.40995 -1.188 0.17027 -1.7767 0.46954 0.89237 3.90327
0.47592 -1.2081 0.11914 -1.7964 0.47406 0.87798 4.02609
0.54189 -1.2283 0.068005 -1.8162 0.47859 0.86358 4.18982
0.60934 -1.2356 0.0096292 -1.8156 0.4777 0.83659 4.33043
0.67678 -1.2429 -0.048746 -1.8151 0.47681 0.8096 4.45754
0.74422 -1.2503 -0.10712 -1.8146 0.47592 0.78261 4.56252
0.81167 -1.2576 -0.1655 -1.8141 0.47503 0.75562 4.65512
0.87911 -1.2649 -0.22387 -1.8136 0.47414 0.72863 4.74781
0.94655 -1.2722 -0.28225 -1.8131 0.47325 0.70164 4.85354
1.014 -1.2795 -0.34062 -1.8126 0.47236 0.67465 4.9662
1.0814 -1.2869 -0.399 -1.8121 0.47147 0.64766 5.06368
1.145 -1.2886 -0.45638 -1.8035 0.46847 0.61743 5.15403
1.2085 -1.2903 -0.51376 -1.795 0.46548 0.5872 5.236
1.272 -1.292 -0.57114 -1.7864 0.46248 0.55697 5.31148
1.3356 -1.2937 -0.62852 -1.7778 0.45948 0.52674 5.38196
1.3991 -1.2953 -0.6859 -1.7693 0.45648 0.49652 5.45107
1.4627 -1.297 -0.74328 -1.7607 0.45349 0.46629 5.52436
1.5262 -1.2987 -0.80067 -1.7521 0.45049 0.43606 5.60293
1.5897 -1.3004 -0.85805 -1.7436 0.44749 0.40583 5.68838
1.6533 -1.3021 -0.91543 -1.735 0.44449 0.3756 5.78454
1.7168 -1.3038 -0.97281 -1.7264 0.4415 0.34537 5.89651
1.7851 -1.3035 -1.0355 -1.7138 0.43736 0.31083 6.05106
1.8535 -1.3031 -1.0982 -1.7011 0.43322 0.27628 6.17136
1.9218 -1.3027 -1.161 -1.6885 0.42908 0.24173 6.27224
1.9901 -1.3023 -1.2237 -1.6758 0.42494 0.20719 6.36147
2.0584 -1.3019 -1.2864 -1.6632 0.4208 0.17264 6.44197
2.1438 -1.3015 -1.3648 -1.6474 0.41562 0.12946 6.554
2.2293 -1.301 -1.4432 -1.6316 0.41045 0.086273 6.68745
2.3147 -1.3005 -1.5216 -1.6158 0.40527 0.04309 6.85906
2.4001 -1.3 -1.6 -1.6 0.4001 -9.3701e-05 7.27919
wave plan
0 0 0 0 0 0 0
0.023231 -0.033405 -0.014878 -0.041543 -0.033938 0.024568 0.294568
0.046463 -0.06681 -0.029756 -0.083086 -0.067876 0.049136 0.41339
0.069694 -0.10022 -0.044634 -0.12463 -0.10181 0.073705 0.506437
0.092925 -0.13362 -0.059512 -0.16617 -0.13575 0.098273 0.585924
0.11616 -0.16703 -0.074389 -0.20771 -0.16969 0.12284 0.655766
0.13939 -0.20043 -0.089267 -0.24926 -0.20363 0.14741 0.719626
0.16262 -0.23384 -0.10415 -0.2908 -0.23757 0.17198 0.778599
0.18585 -0.26724 -0.11902 -0.33234 -0.2715 0.19655 0.834154
0.20908 -0.30065 -0.1339 -0.37389 -0.30544 0.22111 0.887013
0.23231 -0.33405 -0.14878 -0.41543 -0.33938 0.24568 0.939872
0.25554 -0.36746 -0.16366 -0.45697 -0.37332 0.27025 0.995983
0.27878 -0.40086 -0.17853 -0.49851 -0.40726 0.29482 1.05614
0.30201 -0.43427 -0.19341 -0.54006 -0.44119 0.31939 1.12128
0.32524 -0.46767 -0.20829 -0.5816 -0.47513 0.34395 1.1931
0.34847 -0.50108 -0.22317 -0.62314 -0.50907 0.36852 1.26798
0.3717 -0.53448 -0.23805 -0.66469 -0.54301 0.39309 1.35384
0.40115 -0.57009 -0.2571 -0.70891 -0.57379 0.41628 1.45473
0.4306 -0.6057 -0.27616 -0.75314 -0.60457 0.43947 1.53894
0.46005 -0.6413 -0.29522 -0.79737 -0.63535 0.46266 1.61322
0.4895 -0.67691 -0.31428 -0.8416 -0.66614 0.48585 1.68976
0.51895 -0.71251 -0.33334 -0.88583 -0.69692 0.50904 1.77707
0.5484 -0.74812 -0.35239 -0.93005 -0.7277 0.53224 1.86959
0.57709 -0.77926 -0.37106 -0.9687 -0.75125 0.55064 1.94205
0.60577 -0.8104 -0.38973 -1.0073 -0.77479 0.56905 2.00718
0.63446 -0.84154 -0.4084 -1.046 -0.79834 0.58746 2.07496
0.66315 -0.87268 -0.42707 -1.0846 -0.82189 0.60586 2.15149
0.69183 -0.90382 -0.44573 -1.1233 -0.84544 0.62427 2.23665
0.72052 -0.93496 -0.4644 -1.1619 -0.86899 0.64268 2.342
0.76126 -0.96827 -0.49123 -1.2032 -0.8826 0.65594 2.45128
0.802 -1.0016 -0.51807 -1.2444 -0.89622 0.6692 2.53826
0.84274 -1.0349 -0.5449 -1.2856 -0.90984 0.68246 2.62923
0.88349 -1.0682 -0.57173 -1.3268 -0.92346 0.69572 2.74442
0.92308 -1.0948 -0.59798 -1.3597 -0.92623 0.70181 2.85252
0.96268 -1.1214 -0.62423 -1.3925 -0.92899 0.70789 2.94229
1.0023 -1.148 -0.65048 -1.4254 -0.93176 0.71398 3.05911
1.0419 -1.1746 -0.67673 -1.4583 -0.93453 0.72006 3.29064
1.0864 -1.1848 -0.70683 -1.4705 -0.90184 0.70364 3.46475
1.1309 -1.1951 -0.73693 -1.4828 -0.86915 0.68723 3.57681
1.1755 -1.2053 -0.76703 -1.4951 -0.83647 0.67081 3.66764
1.22 -1.2155 -0.79713 -1.5074 -0.80378 0.65439 3.74634
1.2646 -1.2257 -0.82723 -1.5197 -0.7711 0.63798 3.81722
1.3091 -1.2359 -0.85733 -1.532 -0.73841 0.62156 3.89244
1.3536 -1.2461 -0.88743 -1.5443 -0.70572 0.60514 3.97765
1.3982 -1.2563 -0.91754 -1.5565 -0.67304 0.58872 4.08012
1.4572 -1.2606 -0.95768 -1.5612 -0.61285 0.556 4.29045
1.5162 -1.2648 -0.99782 -1.5658 -0.55267 0.52328 4.42381
1.5752 -1.269 -1.038 -1.5704 -0.49248 0.49056 4.52927
1.6342 -1.2733 -1.0781 -1.5751 -0.43229 0.45784 4.62065
1.6931 -1.2775 -1.1183 -1.5797 -0.37211 0.42512 4.70238
1.7521 -1.2817 -1.1584 -1.5843 -0.31192 0.3924 4.78464
1.8111 -1.2859 -1.1985 -1.589 -0.25174 0.35968 4.87638
1.8701 -1.2902 -1.2387 -1.5936 -0.19155 0.32695 4.96077
1.9364 -1.2914 -1.2839 -1.5944 -0.11761 0.28608 5.05536
2.0026 -1.2927 -1.329 -1.5952 -0.043679 0.24521 5.14015
2.0467 -1.2935 -1.3591 -1.5958 0.005612 0.21796 5.19936
2.0909 -1.2943 -1.3892 -1.5963 0.054903 0.19071 5.26222
2.135 -1.2951 -1.4194 -1.5969 0.10419 0.16346 5.32969
2.2012 -1.2964 -1.4645 -1.5977 0.17813 0.12259 5.43396
2.2675 -1.2976 -1.5097 -1.5985 0.25206 0.081714 5.55836
2.3337 -1.2988 -1.5549 -1.5993 0.326 0.040841 5.71882
2.3999 -1.3001 -1.6 -1.6001 0.39994 -3.2429e-05 6.10352
wave plan
0 0 0 0 0 0 0
0.043528 -0.036528 0.036709 -0.023301 0.029151 0.017324 0.295392
0.087056 -0.073057 0.073417 -0.046602 0.058303 0.034648 0.419431
0.13058 -0.10958 0.11013 -0.069903 0.087454 0.051972 0.515159
0.17411 -0.14611 0.14683 -0.093203 0.11661 0.069296 0.596798
0.21171 -0.17738 0.17707 -0.11346 0.1413 0.083873 0.659111
0.24932 -0.20864 0.20731 -0.13372 0.16599 0.098449 0.716656
0.28692 -0.23991 0.23754 -0.15398 0.19068 0.11303 0.770329
0.32452 -0.27117 0.26778 -0.17423 0.21537 0.1276 0.824475
0.37603 -0.31265 0.30236 -0.20257 0.24691 0.14577 0.892854
0.42753 -0.35413 0.33693 -0.23091 0.27846 0.16393 0.964491
0.48525 -0.39906 0.36781 -0.26336 0.31118 0.18221 1.03953
0.54297 -0.44399 0.39869 -0.2958 0.34391 0.20049 1.10898
0.58989 -0.48043 0.42337 -0.32222 0.37037 0.21524 1.166
0.63682 -0.51688 0.44806 -0.34863 0.39684 0.22999 1.22653
0.68374 -0.55332 0.47274 -0.37505 0.4233 0.24475 1.29098
0.73067 -0.58977 0.49742 -0.40146 0.44977 0.2595 1.36045
0.78662 -0.6332 0.52673 -0.43297 0.48128 0.27705 1.45284
0.84258 -0.67664 0.55603 -0.46448 0.5128 0.29461 1.56148
0.87989 -0.70559 0.57557 -0.48549 0.53381 0.30631 1.63648
0.91719 -0.73455 0.59511 -0.5065 0.55482 0.31802 1.70331
0.9545 -0.76351 0.61465 -0.5275 0.57583 0.32972 1.76429
0.99544 -0.7945 0.63208 -0.55091 0.59756 0.34151 1.82605
1.0364 -0.82549 0.64951 -0.57431 0.61928 0.3533 1.89446
1.0773 -0.85648 0.66694 -0.59772 0.641 0.36509 1.97056
1.1183 -0.88747 0.68437 -0.62112 0.66273 0.37688 2.05841
1.1592 -0.91845 0.7018 -0.64452 0.68445 0.38866 2.16765
1.2001 -0.94944 0.71923 -0.66793 0.70617 0.40045 2.33451
1.2663 -0.99081 0.70327 -0.70957 0.72656 0.40787 2.54246
1.3324 -1.0322 0.68732 -0.7512 0.74696 0.41528 2.68006
1.3985 -1.0735 0.67137 -0.79284 0.76735 0.4227 2.83112
1.4647 -1.1149 0.65542 -0.83448 0.78774 0.43011 3.12619
1.515 -1.1357 0.58865 -0.87095 0.78508 0.42137 3.3442
1.5654 -1.1564 0.52189 -0.90743 0.78242 0.41262 3.48219
1.6158 -1.1772 0.45512 -0.9439 0.77976 0.40387 3.59378
1.6662 -1.1979 0.38836 -0.98037 0.7771 0.39513 3.69083
1.7166 -1.2187 0.32159 -1.0168 0.77444 0.38638 3.79909
1.7669 -1.2394 0.25483 -1.0533 0.77178 0.37763 3.92337
1.8092 -1.2525 0.17675 -1.0859 0.76221 0.36449 4.05323
1.8516 -1.2656 0.098668 -1.1184 0.75265 0.35134 4.16284
1.8939 -1.2787 0.020587 -1.1509 0.74308 0.33819 4.26976
1.9256 -1.2885 -0.037974 -1.1754 0.73591 0.32833 4.36072
1.9573 -1.2983 -0.096534 -1.1998 0.72873 0.31847 4.46662
1.9891 -1.3082 -0.15509 -1.2242 0.72156 0.30861 4.59969
2.0208 -1.318 -0.21366 -1.2486 0.71438 0.29875 4.82276
2.0506 -1.3249 -0.28053 -1.2726 0.7037 0.28637 4.97279
2.0805 -1.3318 -0.3474 -1.2965 0.69301 0.27398 5.09062
2.1103 -1.3387 -0.41428 -1.3205 0.68233 0.2616 5.23072
2.1401 -1.3456 -0.48115 -1.3445 0.67164 0.24921 5.45222
2.1726 -1.3434 -0.60327 -1.3749 0.6436 0.22274 5.70497
2.2051 -1.3412 -0.72539 -1.4053 0.61555 0.19626 5.88333
2.2203 -1.3383 -0.79185 -1.4203 0.5993 0.18141 5.96648
2.2355 -1.3354 -0.8583 -1.4353 0.58306 0.16656 6.043
2.2506 -1.3326 -0.92475 -1.4503 0.56681 0.15171 6.11456
2.2734 -1.3282 -1.0244 -1.4728 0.54244 0.12943 6.21296
2.2961 -1.3239 -1.1241 -1.4954 0.51807 0.10715 6.31329
2.3134 -1.3199 -1.2034 -1.5128 0.49838 0.089287 6.40142
2.3308 -1.3159 -1.2827 -1.5302 0.47868 0.071422 6.49782
2.3481 -1.312 -1.3621 -1.5477 0.45899 0.053557 6.60559
2.3741 -1.306 -1.4811 -1.5739 0.42945 0.026761 6.80905
2.4 -1.3001 -1.6 -1.6 0.39991 -3.6257e-05 7.29567