17460485104034465228
10373066336699734648
7326166019076317739
7109369963277499186
16218792953871435010
1004918707798483057
16246985469838108168
13947078891411010784
10280358410719532111
634537642147536381
6397174161370020703
5797002231241126804
549454019648914217
7049827814368134538
857993682243353440
9430243970263801333
16271224578447993400
12026690535726326985
4399466742439080120
16642937081686913670
16988207035086695480
15589044260723421556
12944429510498251885
4684880743452534815
8426468347932681923
10530819869788207806
9940750635348234825
2072222202617638931
14146561464351053947
8605711516116823367
7341712273900991188
12553239853973367288
15485947007580084589
15657312476020220559
3727621565541300264
249523167732087873
15298007929164587176
7481627639210739619
7177608424764932622
1680627346325515307
958003984859752866
462259667940065392
5819287817700943270
7776947069018036217
18363269910602954164
11513261636547736265
658103757797922476
9926187519776085071
2437388887628349846
2080490946822261224
6517388460772511985
13512967191157082889
460496332535158707
3773080257768244756
8103371746162954962
8709692442985054519
194581190986664372
12440722620998350172
18176765646407144943
15733991559831162881
15605580527577977330
16426822862353434665
3563653717045134989
650924110894936482
653881797174256397
652885639639286456
