2866314208013893759
15015646505846142910
15015647605357771121
15015644306822886488
4391232649800568612
8574775656050745695
8879307440745147682
5164384411330942041
8111744632322712646
14743178592014639270
14930584931906779766
15999377823271547695
15690302613121699329
6537361701156587532
4996659618034906455
4790779535070527889
12065807813720120996
16006420940252379967
2265736576117913964
5607162965741027773
17153515548936139331
8569618489078470444
4857085387850413410
1390970841024962744
5157057155683183832
5275355886103833351
11766269574778829228
4434353322618069244
11175782771464405287
4945227229705093881
12394131960941311790
15502063144486796699
6492635445087949879
9365392729892464097
7904875155924492670
2109697480141837018
5437959523285178008
15161989124142213841
6199857254320880920
1838802295033039465
18277140708421067556
696883559944067759
9286958594907230118
5587484492054969424
14455438703607111558
15008842840862909721
14487257501357370523
14486286632589849435
14489089287729591599
10772515019719973159
4098954513737275778
15015648704869399332
15015647605357771121
15014798782380981454
11254574746871305978
18341870044103751609
11761252169187795993
8222966634571185136
134690043033259932
5762958523367501344
17980601895628736528
743783443313243203
12868975808222599695
5183311603689928200
8397005900886046464
1960513389540420365
14916155680079821315
11821900881018390803
8532069114795684402
2280233081605057352
12851829683127493579
4225217544265005988
5196679661383243494
96479041113737015
7331203427876678352
14307708747859079450
17109618605950456930
4832125699391505718
7113027222203653792
6587736259653214062
9851209390701118650
9709669339438823174
893132538580925302
1379606521029654306
7469650842640291639
3640803948184285806
13420237136598444066
1337938402603888602
15161989124142213841
18358031177893865693
17165069410715888812
5259057178030345584
6106437180796226152
5594133672161374201
15888390250957566892
12318487524059630386
2774484924579343900
2349347157931182152
16156475251196371893
17913401885838077678
17418728422046670332
14435300862315471801
14435297563780587168
18040216266040852936
11454216652422177128
239255194019822746
14138483929311931373
10860524721754933480
16703075343164061445
815736003918751248
17254177602681521267
13026219017809791262
15424299212098745374
5627431799520599884
16699415935876909628
14565397980590060388
13439477836562576700
17972243887882910000
18279998750968113991
8261682586994210457
1940223016671487256
12638130025950975024
12638133324485859657
12638132224974231446
8493410771569268031
105284063046179748
15013813619962293623
15013815818985550045
15013800425822755091
8551442758170596509
5368736613557034144
14029452717632067294
4069082918386467377
3631382219498652052
367039089025118142
10492377865009663934
1906497981729614718
17160148504520119407
10422410503751808418
17690377832030739572
14651528258769222302
8438520486166264507
14108487617765377388
2882561298703565192
17632652033849020495
16461950645720632059
10360996950031046468
10161398338915281415
3969966742382071212
14994726814245435955
6321439125854720519
5285835443646486457
5573811003846780030
14156979674348546849
15415945562736113856
11940664552964042273
16821071178895770745
16671508189977540472
13115201861908394281
11019025048634108093
8263240910929287229
17588745409800758455
9927982355852819029
4565388671493173648
9270055600123395965
