16733502975425657347
10699170872986248918
10699169773474620707
10699168673962992496
4641307168070495337
1054273787965952775
2504845920902640351
3814397255109425781
10055970724072731339
13737182956216497675
14935921230883906851
5816430062191711016
5816427863168454594
18438927960362669696
9403280983071337207
2154649973335426242
11943691024048836175
6214348975996158558
17072209138077155342
9208810875377009006
6553454700112566659
11772071282662063613
2912665732126765587
1074007810444089954
17953265918774747359
13413917459012456537
7266683979124668983
9880355280123704745
1086749507078208715
1547726977869115388
14714766745323207982
11936941122164573421
15450423059564644057
456065605496653126
15238650084105026227
11068128960322961206
9501697424746325527
4209466545224905524
14590816357425722021
10633313963457371840
18303220813422651311
16303365938008645792
5251627053891867748
3519756475892328738
9752636369037253841
14943371945652821025
10011198520798555684
17570039755226718042
6307823551286281400
4451514388894789277
4146075049781805330
4531011925185303669
12155656807175731862
10534797370571076081
10247673859524129356
2508715258555706669
10631508551068750032
6424534416888701117
3470537095407733307
17184686277108179333
8717222900835412389
11788755413758208872
13922245386790809512
18045371110960287721
11776669759273553626
13961117999955778306
5880940779604632007
10694318829049862006
10940920704570141749
18021001975464585218
12914313571196080705
18045371110960287721
16799712836109425307
11788755413758208872
18375340392243678087
8301205304438809860
17561731391112468873
13613873378870202439
5143193980352509795
8702405383240155475
14078109016822329121
13107677670765516484
17825300863437024838
14292410194862444931
7110889117938454614
11314698710282781971
12638130025950975024
574371713307511818
577309608377523935
12271097080479752171
10031158145296712500
9738773005988031103
11936941122164573421
631691952742074430
6394325416923606167
7336570496432845533
9060655699312831616
1854736759218938534
303611114499657474
15107862418486124
12650200127221126332
1854736759218938534
303611114499657474
9060655699312831616
2877848032602037544
3854883633758699444
12166370661349019167
17561731391112468873
13613873378870202439
11505151024506271863
8047543982524932832
2587098489646935078
17072209138077155342
5316878342923708264
14736169322849776720
11833386585637192018
14387421184343637896
6921093065751095107
711402201022843983
15580799095702308787
12494312926771286836
7332814848088683989
54461559087110276
15267521494222254874
17051556080850765679
2141637572616048640
11299362689074174934
12645976381327066998
9363804636870908827
9933159694556423514
12429451074414267327
14129702424145959091
10015066977836713421
6214348975996158558
9146164544021431968
11444918202232743855
12638144319602141767
12638143220090513556
574369514284255396
1618473141964248681
15593418640684842136
14071459690565985002
14326260112848816180
14292410194862444931
2571385925120486225
9940757387111720118
10631508551068750032
1180051387532423837
2485232754760647568
6609218247196654305
13632257778353008221
16907313876597069393
13107677670765516484
13926245012484358247
10834801788030555626
5658029117723780302
5316878342923708264
17072209138077155342
2587098489646935078
8570357954025933711
6862242819681866655
576315649865810416
4994710893050207435
6935193885195732459
15670158071387396906
8025937827998323257
5268739712503286180
2418420202812354741
2563839319513038104
3494917033008453747
2838331464332713517
461297651463604304
12164629254936930060
12299472005794283021
17698223613504997162
1611625132646033972
9378377417240692848
14326260112848816180
14292410194862444931
836428164711501369
8036768164947273912
17782141552302139166
6043694755359014966
6123683200653471689
9913881167519807159
17806324180857741556
15215476687286426156
14481745264501867696
4268017827795348549
1874128702215311865
2275089612009957511
6907563126854760616
16567943841351941924
18035504431615552927
8138658654853498361
13608805999148364427
6248776220559139476
15819678655457588219
12880456706392987715
17864126704623666033
3720055160232523153
15880791343632423926
7024061795835086439
12540272074026198201
10709605581678957728
13612065468256907815
1028112110940354216
11748785324725459270
7006027362594135240
10225008912379273279
1467496522192278517
14487255302334114101
15014800981404237876
14488099727264390924
4287294176617386812
13461896798451600279
8073939856170805842
10747332214029113303
17072209138077155342
12266679687247479175
8040803831915946293
9506405237174837599
7041660489348090718
12706928598868674475
16479876697868262107
14636242561370849542
17072209138077155342
5316878342923708264
2587098489646935078
3634213905204591602
13585845138554665875
6208981574820032726
9778207014666828968
17561731391112468873
8432673145795140725
6893430673246191907
18035504431615552927
8201868632827799920
11881843891521616418
3961648355205498856
