6065249066070431174
11276127834088467768
271367653748101378
16214300003804262732
11511436877660446035
8479059484568977100
12638130025950975024
574369514284255396
574365116237742552
14610238785504019301
2651337748899025518
13725311169156478571
13725308970133222149
17259113198887576644
3676795977275752012
4238514506325145447
9947490723980047638
15252985671788612265
13356568195652938497
462792513591447214
8411723852006271971
9201497227666418287
18397979064225566761
9387829480656574403
5781120802263049298
713904578291320898
14927209711549221004
5475436172671175096
5283652660566463016
5968150803638386686
3748335948950236062
17502626227401478157
753952134570688087
3239737299826476982
2405276749205351360
5235320105859136800
8190272708476301855
2559277914607532681
13842639572876908463
6980976395034873425
3937879767803459552
4572570951389510185
9640270472714581281
17961608666355598889
15757127754928031170
9703110401579170046
1453946878180047881
1837365452006619962
8732841664490101435
2065533700644344360
6583583148613589608
7752366386865504939
5029384617717747020
3031340429780092693
17646203406233112288
4869650289942460829
15697389229156899359
1122473477349509584
6860993244041746136
16880798089329143792
3098241899344324448
18172902106295873226
7703578674025378676
17619903208660567668
10326848218159257803
15705083041574271635
10288165632901686469
11080721812782842115
17754076410988940514
1853585454932270986
2063137951246915936
5316878342923708264
1815307671241857749
4052517606205478265
8968733890211649996
4243004530466061722
2441824957694731850
6034478700377494682
241790690827992918
9551299576989177401
2437813393240452406
16981649397765606454
1837365452006619962
12430331640527899550
12353732993543003322
12100989908204858464
12813923917753003407
7671014291855721875
517791945576732931
18177537608167277019
11838399568073203107
2440271981219597799
12947972257696595029
29378499754531971
9678765219939737249
16873454257241914941
14512004182513512072
9908777783939552821
2369533675335744226
7624230811715653761
15454301360144516185
16845375064002433629
15517618851292416740
12868975808222599695
16209832396395488030
11937859992315144628
2738302745049774710
2587098489646935078
5316878342923708264
18090696062915015188
1395583343378204670
3348335044336192692
14129702424145959091
9840284722666271803
1438728421616465840
2235690659582838075
8463951195968874915
16909416102102571944
11057285206323407951
15544100770744665250
14441270774167739241
11521543865087646835
12945954198330494968
17561313883965328688
16052211789456922683
8194730895795577874
10247367783979462073
11931743436765018103
15163570378992720075
16344924136797240954
7129484012015070624
574369514284255396
574371713307511818
574365116237742552
8538381368123463548
7501494256433056936
1727048572236342631
1236898403225628599
11179700310106422968
9357192304509326687
5995681140339816014
16425885568336871815
18123435673113767627
15473220210244236957
16070981658847166307
13882451668886656337
308309680567387714
3038032357738449757
3012673817856563106
2078250943383815171
11217900318727782704
4432040092273679705
13763899120555051435
4189766338630968686
1509049226370177596
10989952720079694813
680615159813042013
10529278145979522465
1108435682831519590
4669877593282734914
14960499405900313924
7505872888720247504
17429500361677157689
17378219754836989263
4498943570794773761
15339747500547825832
5330123059994488820
241790690827992918
12470890829700553195
120834284424038493
5743297852763472024
17129840014636347242
7575956129051889191
6004311524718930192
2655843131324236806
15838034203045334339
11385444817156412714
17328580200481268774
16192511150618563145
7767335794644762112
11486048746820956924
13755284547075753414
10488159660825667951
15105943434834181507
16050138288754851545
3020498694309667591
16045877055469706328
9354907087789560402
3182084537917117867
12148327355104074471
12532095262502584464
15270643943867334755
2414398385344376756
16005514109280916300
3142796909447005132
7009003850764112733
12829145101716603698
7006027362594135240
14916155680079821315
17988727380855534477
