12100233936230464153
6427423852315859585
16803522610265308607
17708075783603299492
550513151614298973
7362054146967000410
16487453943315195689
16273360411073462855
9481495778660693871
12696998035871337005
17984659453200091635
3136037681926512897
16365759667999788534
8111744632322712646
7470213726067534158
13418242029020136137
15024882651359002144
5886350496605409197
12254695216808521060
8460606995353896595
3103776948294271130
16006761035976501023
14108487617765377388
2882561298703565192
121113589372191397
17614531085455070303
7176000163919131381
13528740911379813618
3781176474462345467
6560893594894640618
1392090952278792163
330951599459558849
8765364782806151634
7478755030151206135
16027179289225558899
16708444643008506323
412404251069979089
12264078195073443178
4126557179360224703
14471031715767821017
1468757743181734958
12774735431691461436
8881283907179220730
11479987581016143043
9835139514717527142
8437465850118248942
12393477802879035389
1962581626929628610
10136321459494420163
8784210313849176234
3315698265169902772
17603012090697910077
16948229826524748096
16324172315284259099
14048836038491030706
13766516940583888866
6548265379767406229
10156524723252825518
15751598619511320265
15378541879585765459
5515925276011036055
17553327343367286404
5803584444299728659
5607263879117034921
10095449763795081178
15248766373842976841
2340829650366731792
17085652054505624350
5979261915388571883
2370943029274247419
7895747238855794838
9142351811460639537
14581780982997735093
14292660892622280318
16089399205269066782
9829068558409683152
311556750773656891
8153468444001885294
10690921067026619433
11074770776461762641
7479481836936489966
6744529346892136367
9544289681896172235
7991591945019708275
12361770269393718541
14528011295314312129
16951132959224750169
4764935836553135970
4476667287525709797
538163113034822690
2713084182427090592
16902146000972569653
7885405680918272867
9385243614801729820
9937502034913577647
149207609282652783
11194689964668971469
10127420121734925819
4066323886073498191
9060536390635326469
10963382985742469583
17395021831181630728
1295581741857805421
1416792166967199761
12410547254881322601
16316965605829571545
8241046371884734201
1760614076583847964
11184645049446931570
15165254395065274344
9499176257029571862
11623542167097558321
1858833321937093122
9540631417318621888
3884000694296942414
15242091141587413475
4503907483875236573
2476087843730101077
11629009944353771119
5583710066788462237
17718904967007724667
17821657911024806964
12830658538432642340
16549394273766147065
2249423111729483307
13824504294620574500
6718433911163987212
8872759378161999775
2281160718046517166
7213145980267219348
14297530098832817377
9747257251689073985
18182354924227712407
2425524679033431192
11120296556501738930
13887859305271603492
13266203164267572511
14333442963189121648
9385243614801729820
4487188259052210990
7601797040272421117
10927744915529613211
16050242650666322487
9083461092780249002
3588826224190634893
8607844469403625051
897966400206694902
3894809201232449851
17220153279289014980
17472214497852387336
4979672680533771180
7883437350898928260
10713616340631514118
5028939291716187430
10552135852115367769
1326773639245886762
8111744632322712646
15721287193471207738
5496925040689569663
11007846667835161971
10917624091885798967
14696651839228948326
7758671124572224323
16160162915277916009
576144557963239453
11355628078914076465
17680274686933759728
5694400861235478354
15219448608430007802
7342398371311684559
616908587079690492
11950698794198096966
8877941189215876870
3712257047501169577
5487726040069313466
2530679528363645337
3777257677931179434
5089455367972903141
10007178705060813677
13300495722297341444
15869527969878154788
6933917359756523021
4535266455199744416
3263000550215215759
7977283722941411066
9450232844665169299
16766585400924884012
6908792716752287454
2637488594323700024
1504040205189294209
7159736179507615313
2034221052565520224
1711843752485570647
4574677990404509830
3455922555485169847
16989641749099801406
10098829631392308696
16210637719953725891
5501814601738363185
4944715960370793688
4128148977348926286
3831241417967296701
15145103009662356360
15744726576425279599
642702256343191795
17579856987549462588
13841667655351044878
11902253514918406294
6628301347819866118
1468730439767834802
16470061423612281264
6836730026318413954
4029817368620603035
8679852543254878566
17641258935358473547
3470444157730203561
4029817368620603035
12069018283887282441
9124637450921411049
18105610542789915946
17510535431683689994
3897894581068465415
15538648766242532652
7557361599147836851
13422194724456528661
17579803169875188179
6427423852315859585
11745328478096744193
16959737289969044202
16824111878688604649
1074873680518635240
15817563941066444437
17493777164768868895
7479029180355552905
15878519703841893436
10783234749500225145
5733027953258079816
9385243614801729820
15817563941066444437
15268778220542024387
7553343239683209886
8801397191488653300
12260316164590783297
9988306085917684554
1538863300077334045
8658542442749303030
941900446471657788
15866524730490281544
8172453483912273589
391708387541079363
5073455981054125572
5097226996599899573
5156709012017465373
3136037681926512897
13066734576275264029
4287916015552679497
11977750330537200945
6946151358798598853
4164419134231255062
17203320150205485315
11200417642419645374
152170651607451447
8568232632022060083
5214587630995136709
10583419971703277942
9760198608879877898
10358640951023156419
6486222452458397647
18299207813420405734
5412203898711487801
8293896879281553717
12830658538432642340
16549394273766147065
3136037681926512897
3683177450597378950
7692346721601264050
7473470100777307332
15697389229156899359
5973836576582933291
18266251204089648092
9599774631048074413
13265392389164296261
4774915242878678690
5431255928934696228
3150265410039577775
