11382005834550210559
8499509224929930641
6469872013887556274
9654413818337585528
9745972020160115880
1662569553758691104
2443804078625133200
949626377759869356
11646735395573395260
17769859239687760350
2180627598296493537
4634405986474833433
3866192968964692192
3037337257680950327
7262575583970182567
14236200566041198581
8499511423953187063
14392019403406703436
14876097702114071619
6967147779646809750
17653119284356669756
8499511423953187063
13516749886633510897
1875690404191243475
2282083459089768199
977836072851518771
2921819516302207574
14446386733492387728
5182923949091648265
13935869795129392925
10184848508705060060
480755487720859158
12398712265772593273
8683536682797257396
11621731245070797498
17751171087109396215
8499511423953187063
10490238088882639005
9922176656490190999
5070399767505988361
126616649208639870
3281784840305885707
4660398456470617605
17425537101912411457
15377957290860314876
6336989756551407401
17819163333647859135
12023831162993772011
17378513022643131142
17271206427079695653
8047823724223106365
13083244072660914764
17493617980386740500
7961817214547275733
5306555440999868422
994743151762055116
7940025677968550919
14579050401973537086
14493844945790768269
1085637899159784190
1798126496803349811
4942685096641586132
4125798042568213161
14164439250350725809
13989627302281792459
3437209217214577241
11064334259112954152
5348797244800878451
4391130841332709032
8222140747731701687
4977760368791719386
208961535856475304
17461662042680889742
15679408534786822380
4764780185913971379
18189406829058684149
7139368702387317382
14824209971827344491
2504858015530550672
15218614160999026712
7806983793716584662
13095872773094150070
13105719232111935391
15735688859321339366
4712775386725361815
12176302012873378993
4875153686766615986
16709813471605660062
14066361065450710576
4731886416268698546
16185483309317208472
17378825893917804231
3027998548666206300
12422441139105737093
1018315352688741540
11117460899030854899
1941527601059273876
15163570378992720075
8439748387368095276
4332814720232237830
17673153790093005808
5770561535780977271
11258480302691462763
9609363733564572473
6921014827036084373
1543221183689552338
17795897027338492795
13937836759956846573
8091720188533576252
1376572661975368958
16431183567290620525
11646735395573395260
3488282782592814750
4190391674527492169
10468085234815664293
493625728141260772
1099142369632054460
12023831162993772011
14905071471194202630
8091542453804096774
18204445185738032632
3552214262614269661
626687386472956443
14525633198574619088
4352765924237662659
16594053332795176038
16681645332576368861
4332218348754648762
7227050414466977741
6265579303263638296
15228193387974056628
1511653228610729677
14525633198574619088
659489149899094295
18177309522584048735
3512192177128407769
1556302334463626768
7227050414466977741
11629411501924779152
7101983979859303304
10582153965141247121
14513727570203095133
16717647259156083036
9637060325147781859
355130355483138834
8916658078588226533
10755112895781823051
10204773928052094913
10204775027563723124
5039292548877529735
17272657848415225332
352161130397139490
14696264778092529320
14458140301241800341
11694036161740002435
15081805718177336747
5834037115099804024
9574956202336115079
548683988407539941
15373267313565272510
17851952869675157622
10356720839404001809
7864623750873360079
7660069522202540513
15130562092270766864
6754454753353497609
6036928630603024286
522893434316408453
8289593119933915441
15968314547723857894
12585549103169835144
11970348797883910821
9957681292397137682
5466200798147771623
4407089363061620043
3998533733718114149
17574712765320111492
14726105884831789661
14177817008292649914
14669635928606670179
9582492883794844053
6153244748121455740
10699168673962992496
9840284722666271803
4817806329419986767
15449735698819542856
10699170872986248918
10699176370544389973
10699168673962992496
9395782517923684872
4676668216080006695
2873139400803844229
5645323020249753666
17980383185850811743
14877243139591230919
2214959659175761634
18210424925321236
7376901883350695821
14678586529678808965
12853394893752131180
